! ================================================================
! grid descriptor for SUNFISH NPZD data set provided by NERI 2010
! which is a sub set of the full cmod grid
! ================================================================
nx = 92
ny = 106
nz = 50

lambda1 = -4.083333
dlambda =  0.1666666667
phi1    = 48.55
dphi    =  0.10

levels  = 4 9 11 13 15 17 19 21 23 25 27 29 31 33 35 37 39 41 43 45 47 49 51 53 55 57 59 61 63 65 67 69 71 73 75 77 79 82 88 96 112.5 137.5 175 225 275 325 375 425 475 525

topography_points = 4707
    1    3    31.75
    1    4    57.50
    1    5    76.70
    1    6    84.10
    1    7    88.19
    1    8    86.31
    1    9    88.48
    1   10    89.00
    1   11    80.02
    1   12    78.00
    1   13    75.10
    1   14    73.10
    1   15    71.89
    1   16    71.70
    1   17    61.33
    2    3    31.75
    2    4    57.50
    2    5    76.70
    2    6    84.10
    2    7    88.19
    2    8    86.31
    2    9    88.64
    2   10    89.00
    2   11    80.13
    2   12    77.68
    2   13    75.10
    2   14    73.10
    2   15    71.89
    2   16    71.70
    2   17    59.11
    2   92    17.09
    2   94    19.70
    2   95    22.70
    3    3    29.94
    3    4    57.50
    3    5    76.70
    3    6    84.10
    3    7    88.19
    3    8    85.60
    3    9    87.74
    3   10    89.00
    3   11    80.34
    3   12    77.15
    3   13    75.10
    3   14    73.10
    3   15    71.89
    3   16    71.70
    3   17    59.10
    3   92    23.19
    3   93    34.19
    3   94    24.59
    3   95    33.59
    4    3    20.88
    4    4    41.00
    4    5    70.50
    4    6    81.09
    4    7    82.99
    4    8    80.19
    4    9    80.78
    4   10    88.30
    4   11    82.00
    4   12    74.53
    4   13    72.89
    4   14    72.38
    4   15    71.29
    4   16    69.79
    4   17    63.99
    4   92    15.00
    4   93    31.16
    4   94    40.89
    4   95    50.10
    4   96    44.80
    5    4    31.75
    5    5    62.30
    5    6    80.80
    5    7    79.59
    5    8    71.20
    5    9    71.99
    5   10    77.93
    5   11    85.80
    5   12    74.94
    5   13    71.58
    5   14    71.00
    5   15    69.30
    5   16    67.39
    5   17    63.85
    5   18    57.15
    5   19    46.55
    5   20    30.62
    5   21    21.10
    5   93    32.79
    5   94    57.09
    5   95    52.59
    5   96    44.90
    5   97    46.50
    6    5    56.90
    6    6    73.39
    6    7    74.89
    6    8    69.74
    6    9    72.00
    6   10    74.57
    6   11    81.19
    6   12    76.21
    6   13    72.88
    6   14    72.50
    6   15    70.20
    6   16    64.45
    6   17    62.16
    6   18    60.10
    6   19    52.79
    6   20    41.00
    6   21    27.49
    6   22    16.69
    6   76     8.10
    6   93    26.50
    6   94    62.39
    6   95    55.40
    6   96    53.29
    6   97    54.80
    6   98    50.50
    7    5    48.78
    7    6    65.89
    7    7    69.70
    7    8    73.39
    7    9    74.20
    7   10    71.70
    7   11    76.44
    7   12    88.39
    7   13    75.70
    7   14    71.53
    7   15    70.70
    7   16    65.39
    7   17    59.31
    7   18    56.69
    7   19    53.59
    7   20    48.19
    7   21    34.04
    7   22    24.37
    7   75    11.00
    7   76    19.29
    7   93    27.85
    7   94    73.89
    7   95    67.79
    7   96    48.50
    7   97    52.00
    7   98    67.70
    7   99    31.34
    7  100    23.20
    8    3    17.00
    8    4    22.88
    8    5    44.50
    8    6    56.59
    8    7    65.80
    8    8    68.39
    8    9    68.55
    8   10    69.62
    8   11    72.11
    8   12    87.00
    8   13    80.90
    8   14    72.56
    8   15    70.05
    8   16    67.70
    8   17    59.10
    8   18    54.04
    8   19    51.45
    8   20    48.80
    8   21    36.50
    8   22    27.41
    8   75    13.50
    8   76    20.40
    8   77    23.59
    8   93    26.50
    8   94    79.59
    8   95    81.80
    8   96    52.59
    8   97    41.30
    8   98    49.50
    8   99    68.89
    8  100    68.00
    8  101    68.00
    9    2    17.68
    9    3    28.19
    9    4    33.79
    9    5    44.50
    9    6    49.38
    9    7    55.57
    9    8    62.50
    9    9    65.10
    9   10    62.10
    9   11    66.79
    9   12    76.00
    9   13    85.30
    9   14    73.71
    9   15    70.41
    9   16    67.00
    9   17    61.00
    9   18    57.03
    9   19    55.40
    9   20    47.69
    9   21    38.19
    9   22    27.66
    9   77    38.50
    9   79    10.00
    9   80     8.80
    9   93    39.69
    9   94    83.19
    9   95    82.30
    9   96    61.80
    9   97    47.00
    9   98    46.40
    9   99    59.10
    9  100    65.30
    9  101    65.19
    9  102    65.19
   10    2    19.71
   10    3    32.00
   10    4    37.78
   10    5    44.80
   10    6    50.80
   10    7    54.59
   10    8    59.19
   10    9    59.69
   10   11    47.62
   10   12    66.79
   10   13    80.40
   10   14    80.00
   10   15    69.80
   10   16    66.39
   10   17    62.00
   10   18    59.50
   10   19    55.59
   10   20    46.69
   10   21    35.61
   10   76    25.40
   10   77    48.10
   10   78    27.59
   10   79    23.70
   10   80    25.09
   10   93    68.50
   10   94    82.09
   10   95    73.50
   10   96    69.79
   10   97    55.00
   10   98    52.50
   10   99    57.59
   10  100    65.80
   10  101    68.70
   10  102    68.70
   11    3    34.30
   11    4    40.19
   11    5    43.50
   11    6    46.00
   11    7    38.49
   11    8    50.39
   11    9    49.10
   11   10    31.42
   11   11    43.50
   11   12    51.10
   11   13    67.39
   11   14    84.19
   11   15    69.71
   11   16    64.85
   11   17    62.43
   11   18    59.04
   11   19    55.00
   11   20    42.48
   11   76    44.90
   11   77    55.30
   11   78    56.30
   11   79    45.50
   11   80    39.10
   11   81    42.50
   11   82    28.50
   11   93    81.09
   11   94    83.50
   11   95    65.89
   11   96    71.50
   11   97    62.00
   11   98    59.89
   11   99    62.30
   11  100    69.10
   11  101    73.70
   11  102    73.70
   12    2    20.51
   12    3    32.29
   12    4    29.40
   12    5    24.61
   12    6    26.26
   12    7    19.58
   12    9    34.26
   12   10    39.50
   12   11    34.63
   12   12    34.35
   12   13    50.14
   12   14    94.20
   12   15    78.40
   12   16    68.79
   12   17    62.08
   12   18    58.14
   12   19    52.79
   12   20    39.95
   12   21    26.06
   12   75    39.94
   12   76    60.19
   12   77    61.50
   12   78    56.00
   12   79    56.09
   12   80    52.40
   12   81    56.90
   12   82    57.50
   12   83    52.70
   12   93    88.00
   12   94    94.39
   12   95    78.00
   12   96    74.29
   12   97    73.00
   12   98    68.60
   12   99    68.39
   12  100    76.39
   12  101    78.00
   12  102    74.89
   12  103    74.89
   13    2    19.10
   13    3    28.80
   13    4    24.56
   13    5    21.01
   13    6    21.09
   13    7    20.80
   13    8    22.84
   13    9    30.69
   13   10    32.90
   13   11    33.40
   13   12    29.01
   13   13    45.57
   13   14    79.09
   13   15    81.90
   13   16    66.93
   13   17    61.39
   13   18    57.40
   13   19    50.30
   13   20    39.00
   13   21    24.82
   13   74    37.30
   13   75    74.29
   13   76    66.29
   13   77    56.80
   13   78    53.50
   13   79    56.30
   13   80    58.50
   13   81    58.69
   13   82    64.50
   13   83    63.69
   13   84    52.09
   13   85    48.30
   13   93    91.70
   13   94   109.69
   13   95    95.53
   13   96    77.29
   13   97    66.60
   13   98    77.20
   13   99    85.80
   13  100    86.00
   13  101    85.89
   13  102    82.09
   13  103    82.00
   13  104    82.00
   14    2    13.50
   14    3    22.29
   14    4    19.20
   14    5    17.32
   14    6    17.37
   14    7    17.39
   14    8    22.00
   14    9    20.23
   14   10    20.35
   14   11    17.33
   14   12    18.26
   14   13    41.08
   14   14    70.50
   14   15    73.89
   14   16    64.70
   14   17    60.24
   14   18    54.40
   14   19    47.36
   14   20    37.30
   14   21    27.39
   14   73    26.00
   14   74    62.60
   14   75    72.10
   14   76    64.69
   14   77    52.50
   14   78    49.50
   14   79    49.10
   14   80    52.09
   14   81    55.00
   14   82    60.30
   14   83    68.39
   14   84    74.50
   14   85    78.40
   14   86    68.29
   14   87    62.89
   14   88    52.00
   14   89    29.40
   14   92    25.79
   14   93    55.00
   14   94   112.53
   14   95    85.50
   14   96    84.10
   14   97    71.39
   14   98    94.65
   14   99    96.72
   14  100    99.00
   14  101    96.79
   14  102    91.50
   14  103    87.89
   14  104    87.89
   15    2    12.90
   15    3    18.09
   15    4    13.92
   15    5    15.70
   15    6    15.69
   15    7    16.22
   15    8    17.00
   15    9    15.05
   15   13    48.39
   15   14    64.69
   15   15    71.89
   15   16    66.33
   15   17    61.70
   15   18    54.19
   15   19    47.76
   15   20    37.90
   15   21    31.40
   15   22    18.06
   15   72    23.00
   15   73    73.89
   15   74    72.29
   15   75    67.89
   15   76    64.19
   15   77    54.19
   15   78    50.60
   15   79    53.40
   15   80    54.59
   15   81    53.20
   15   82    57.69
   15   83    70.70
   15   84    83.50
   15   85    94.50
   15   86    94.91
   15   87    85.50
   15   88    69.60
   15   90    48.19
   15   91    32.09
   15   92    43.09
   15   93    64.50
   15   94   107.97
   15   95    97.65
   15   96    91.50
   15   97    92.02
   15   98    99.70
   15   99   104.00
   15  100   106.19
   15  101   104.50
   15  102   101.89
   15  103    96.29
   15  104    96.29
   16    2    10.81
   16    3    12.95
   16    4    12.77
   16    5    12.99
   16    6    14.04
   16    7    14.64
   16   13    49.38
   16   14    64.89
   16   15    73.89
   16   16    70.79
   16   17    64.60
   16   18    54.23
   16   19    48.89
   16   20    37.75
   16   21    29.80
   16   22    18.69
   16   70    37.30
   16   71    30.19
   16   72    44.30
   16   73    83.69
   16   74    74.39
   16   75    73.50
   16   76    76.00
   16   77    63.50
   16   78    51.00
   16   79    52.90
   16   80    54.09
   16   81    55.90
   16   82    60.89
   16   83    69.29
   16   84    79.30
   16   85    88.80
   16   86    98.93
   16   87    76.60
   16   88    76.20
   16   89    80.90
   16   90    73.60
   16   91    74.79
   16   92    87.80
   16   93    73.79
   16   94    97.30
   16   95    96.38
   16   96    86.76
   16   97    97.28
   16   98   111.60
   16   99   116.29
   16  100   111.39
   16  101   116.39
   16  102   111.00
   16  103   106.40
   16  104   105.80
   16  105   105.80
   17    2     9.50
   17   13    45.50
   17   14    66.39
   17   15    68.70
   17   16    70.79
   17   17    64.30
   17   18    55.70
   17   19    48.33
   17   20    36.80
   17   21    30.30
   17   66    22.40
   17   67    40.00
   17   68    46.90
   17   69    51.10
   17   70    54.19
   17   71    63.60
   17   72    82.80
   17   73    80.59
   17   74    69.60
   17   75    81.50
   17   76    65.50
   17   77    58.60
   17   78    57.80
   17   79    60.00
   17   80    60.00
   17   81    61.50
   17   82    64.89
   17   83    69.50
   17   84    74.70
   17   85    79.69
   17   86    97.47
   17   87    93.00
   17   88    87.39
   17   89   101.10
   17   90   100.89
   17   91    86.30
   17   92    88.60
   17   93    88.89
   17   94    92.06
   17   95    97.84
   17   96    90.63
   17   97   108.10
   17   98   112.69
   17   99    98.52
   17  100   110.69
   17  101   112.50
   17  102   112.50
   17  103   113.30
   17  104   115.39
   17  105   113.39
   17  106   113.39
   18   11    13.85
   18   13    44.54
   18   14    58.80
   18   15    62.60
   18   16    68.89
   18   17    62.08
   18   18    56.64
   18   19    47.18
   18   20    34.01
   18   21    24.32
   18   63    18.42
   18   64    32.20
   18   65    45.09
   18   66    52.79
   18   67    63.89
   18   68    68.20
   18   69    69.70
   18   70    74.60
   18   71    80.56
   18   72    85.39
   18   73    87.89
   18   74    75.29
   18   75    71.70
   18   76    55.30
   18   77    59.30
   18   78    63.60
   18   79    63.50
   18   80    65.30
   18   81    66.29
   18   82    67.70
   18   83    69.89
   18   84    71.20
   18   85    71.20
   18   86    69.71
   18   87    68.97
   18   88    78.18
   18   89    96.06
   18   90   104.00
   18   91   110.60
   18   92    92.50
   18   93    96.44
   18   94   105.70
   18   95    98.47
   18   96   103.40
   18   97   110.19
   18   98   112.19
   18   99    97.61
   18  100   104.00
   18  101   104.40
   18  102   109.30
   18  103   110.39
   18  104   111.19
   18  105   115.39
   18  106   115.39
   19   10    15.88
   19   11    24.59
   19   12    35.09
   19   13    48.39
   19   14    54.19
   19   15    58.78
   19   16    66.29
   19   17    60.51
   19   18    58.39
   19   19    47.36
   19   20    34.75
   19   21    27.79
   19   62    20.80
   19   63    42.20
   19   64    52.09
   19   65    69.00
   19   66    82.56
   19   67    90.50
   19   68    93.79
   19   69    95.08
   19   70    99.49
   19   71   102.70
   19   72    82.69
   19   73    77.20
   19   74    83.19
   19   75    69.29
   19   76    64.80
   19   77    66.60
   19   78    66.39
   19   79    64.50
   19   80    63.89
   19   81    64.89
   19   82    67.79
   19   83    69.60
   19   84    69.70
   19   85    68.20
   19   86    66.00
   19   87    64.50
   19   88    75.50
   19   89    80.76
   19   90    87.54
   19   91    98.24
   19   92    96.00
   19   93    95.92
   19   94   101.32
   19   95   108.10
   19   96   107.59
   19   97   113.80
   19   98   108.10
   19   99   100.66
   19  100   101.29
   19  101   106.00
   19  102   112.09
   19  103   123.41
   19  104   115.10
   19  105   122.79
   19  106   122.79
   20   10    21.40
   20   11    29.19
   20   12    37.98
   20   13    47.80
   20   14    50.89
   20   15    58.10
   20   16    60.30
   20   17    57.48
   20   18    61.60
   20   19    57.09
   20   20    38.61
   20   21    25.81
   20   22    16.50
   20   23     9.51
   20   62    40.80
   20   63    53.40
   20   64    65.69
   20   65    75.60
   20   66    76.79
   20   67    81.52
   20   68    91.20
   20   69    99.43
   20   70   101.10
   20   71    96.78
   20   72    89.00
   20   73    87.60
   20   74    76.60
   20   75    67.00
   20   76    64.60
   20   77    70.79
   20   78    71.70
   20   79    71.39
   20   80    71.29
   20   81    71.10
   20   82    70.29
   20   83    70.10
   20   84    69.70
   20   85    68.89
   20   86    71.39
   20   87    71.50
   20   88    76.00
   20   89    71.79
   20   90    76.39
   20   91    96.70
   20   92   106.90
   20   93   104.85
   20   94    98.70
   20   95   101.10
   20   96   113.80
   20   97   111.69
   20   98   111.00
   20   99   109.69
   20  100   107.09
   20  101   117.70
   20  102   121.10
   20  103   126.68
   20  104   125.70
   20  105   128.00
   20  106   130.50
   21    9    14.59
   21   10    22.29
   21   11    34.59
   21   12    41.50
   21   13    42.98
   21   14    48.26
   21   15    57.80
   21   16    59.46
   21   17    55.15
   21   18    55.03
   21   19    57.40
   21   20    47.50
   21   21    29.94
   21   22    19.43
   21   61    24.50
   21   62    50.60
   21   63    58.89
   21   64    64.19
   21   65    69.50
   21   66    67.39
   21   67    71.20
   21   68    84.77
   21   69    93.36
   21   70    93.10
   21   71    92.60
   21   72    88.10
   21   73    85.39
   21   74    81.40
   21   75    77.00
   21   76    72.89
   21   77    73.60
   21   78    73.89
   21   79    73.50
   21   80    71.89
   21   81    71.10
   21   82    71.20
   21   83    70.89
   21   84    70.20
   21   85    69.29
   21   86    70.20
   21   87    72.29
   21   88    71.20
   21   89    69.89
   21   90    78.40
   21   91    99.30
   21   92   114.00
   21   93   120.17
   21   94   106.19
   21   95   102.70
   21   96   107.00
   21   97   104.11
   21   98   115.24
   21   99   115.30
   21  100   121.29
   21  101   128.00
   21  102   129.00
   21  103   127.89
   21  104   129.60
   21  105   132.90
   21  106   136.50
   22    9    13.62
   22   10    24.50
   22   11    36.90
   22   12    36.59
   22   13    40.29
   22   14    45.00
   22   15    53.20
   22   16    58.30
   22   17    55.23
   22   18    53.20
   22   19    53.00
   22   20    56.59
   22   21    45.69
   22   22    25.35
   22   23    12.19
   22   61    42.59
   22   62    57.90
   22   63    61.39
   22   64    64.10
   22   65    67.79
   22   66    72.10
   22   67    74.29
   22   68    76.60
   22   69    78.50
   22   70    77.90
   22   71    70.60
   22   72    69.20
   22   73    71.10
   22   74    72.70
   22   75    73.29
   22   76    76.79
   22   77    76.60
   22   78    74.50
   22   79    72.20
   22   80    72.89
   22   81    73.79
   22   82    72.60
   22   83    71.20
   22   84    70.00
   22   85    68.89
   22   86    76.50
   22   87    79.09
   22   88    74.00
   22   89    71.28
   22   90    85.60
   22   91   102.40
   22   92   112.50
   22   93   114.69
   22   94   114.19
   22   95   101.40
   22   96   107.09
   22   97   104.80
   22   98   111.17
   22   99   119.39
   22  100   131.89
   22  101   129.60
   22  102   128.00
   22  103   128.10
   22  104   134.70
   22  105   137.90
   22  106   152.81
   23    9    14.36
   23   10    25.40
   23   11    29.00
   23   12    32.90
   23   13    39.89
   23   14    44.25
   23   15    53.09
   23   16    55.69
   23   17    54.39
   23   18    51.45
   23   19    52.30
   23   20    56.00
   23   21    55.50
   23   22    31.28
   23   23    14.72
   23   59    22.79
   23   60    48.39
   23   61    58.10
   23   62    61.00
   23   63    64.39
   23   64    65.69
   23   65    70.60
   23   66    77.70
   23   67    78.70
   23   68    75.60
   23   69    71.89
   23   70    67.29
   23   71    65.39
   23   72    67.79
   23   73    72.79
   23   74    78.90
   23   75    76.79
   23   76    80.00
   23   77    74.10
   23   78    86.55
   23   79    73.50
   23   80    75.10
   23   81    74.70
   23   82    72.10
   23   83    74.87
   23   84    81.29
   23   85    75.14
   23   86    85.69
   23   87    86.30
   23   88    80.80
   23   89    78.09
   23   90    92.89
   23   91   105.50
   23   92   105.40
   23   93   108.60
   23   94   112.30
   23   95   114.30
   23   96   120.60
   23   97   119.10
   23   98   123.00
   23   99   132.59
   23  100   131.20
   23  101   122.50
   23  102   121.48
   23  103   136.70
   23  104   142.50
   23  105   137.70
   23  106   163.63
   24    9    17.69
   24   10    25.90
   24   11    25.41
   24   12    31.89
   24   13    37.80
   24   14    42.70
   24   15    49.89
   24   16    52.40
   24   17    53.00
   24   18    52.66
   24   19    53.40
   24   20    57.30
   24   21    60.19
   24   22    38.59
   24   23    20.48
   24   58    31.09
   24   59    51.00
   24   60    57.30
   24   61    60.10
   24   62    65.30
   24   63    66.60
   24   64    72.70
   24   65    78.90
   24   66    85.60
   24   67    78.70
   24   68    73.79
   24   69    72.60
   24   70    70.39
   24   71    70.89
   24   72    75.20
   24   73    75.39
   24   74    80.50
   24   75    84.10
   24   76    90.03
   24   77    95.02
   24   78    96.06
   24   79    91.41
   24   80    89.06
   24   81    83.43
   24   82    72.60
   24   83    78.95
   24   84    86.07
   24   85    77.51
   24   86    81.69
   24   87    84.69
   24   88    82.30
   24   89    75.69
   24   90    86.02
   24   91   100.00
   24   92   104.50
   24   93   101.60
   24   94    98.05
   24   95   110.60
   24   96   124.50
   24   97   126.50
   24   98   139.16
   24   99   140.68
   24  100   125.94
   24  101   125.29
   24  102   131.39
   24  103   125.89
   24  104   122.39
   24  105   145.93
   24  106   154.00
   25    9    15.24
   25   10    20.19
   25   11    23.40
   25   12    30.40
   25   13    33.97
   25   14    38.69
   25   15    43.29
   25   16    49.33
   25   17    51.50
   25   18    51.55
   25   19    53.90
   25   20    56.69
   25   21    61.00
   25   22    42.33
   25   23    24.95
   25   51     9.01
   25   54    11.20
   25   55    15.29
   25   56    18.90
   25   57    30.00
   25   58    53.59
   25   59    58.00
   25   60    59.19
   25   61    62.80
   25   62    67.70
   25   63    69.70
   25   64    80.70
   25   65    72.79
   25   66    77.40
   25   67    73.89
   25   68    74.10
   25   69    73.50
   25   70    73.29
   25   71    78.40
   25   72    78.00
   25   73    78.90
   25   74    82.30
   25   75    86.10
   25   76    89.19
   25   77    92.41
   25   78    93.96
   25   79    90.19
   25   80    87.60
   25   81    94.63
   25   82    79.58
   25   83    74.13
   25   84    82.26
   25   85    80.24
   25   86    83.89
   25   87    83.89
   25   88    81.90
   25   89    77.17
   25   90    84.07
   25   91    97.19
   25   92   108.80
   25   93   106.40
   25   94   112.00
   25   95   118.20
   25   96   126.60
   25   97   133.85
   25   98   151.62
   25   99   144.86
   25  100   134.50
   25  101   138.50
   25  102   142.79
   25  103   141.20
   25  104   130.39
   25  105   126.23
   25  106   130.50
   26   10    12.90
   26   12    26.73
   26   13    31.30
   26   14    33.79
   26   15    40.04
   26   16    58.30
   26   17    46.85
   26   18    47.09
   26   19    50.50
   26   20    55.00
   26   21    55.50
   26   22    44.19
   26   23    24.95
   26   45    13.24
   26   51    10.70
   26   52    14.62
   26   53    15.09
   26   54    22.40
   26   55    29.50
   26   56    42.59
   26   57    51.89
   26   58    57.30
   26   59    60.10
   26   60    64.69
   26   61    66.89
   26   62    71.10
   26   63    71.10
   26   64    74.10
   26   65    74.39
   26   66    72.70
   26   67    74.29
   26   68    76.89
   26   69    78.00
   26   70    79.80
   26   71    79.69
   26   72    72.20
   26   73    75.70
   26   74    90.69
   26   75    90.79
   26   76    86.30
   26   77    87.80
   26   78    97.15
   26   79    87.19
   26   80    83.10
   26   81    83.41
   26   82    90.68
   26   83    81.74
   26   84    93.09
   26   85    82.89
   26   86    85.89
   26   87    84.30
   26   88    86.00
   26   89    83.00
   26   90    87.39
   26   91    96.33
   26   92   109.69
   26   93   116.20
   26   94   115.00
   26   95   124.39
   26   96   133.50
   26   97   137.35
   26   98   143.25
   26   99   140.70
   26  100   142.20
   26  101   145.20
   26  102   147.29
   26  103   145.59
   26  104   128.50
   26  105   133.20
   26  106   144.54
   27   10    10.50
   27   13    21.81
   27   14    29.30
   27   15    36.29
   27   16    53.90
   27   17    45.12
   27   18    42.80
   27   19    45.16
   27   20    50.60
   27   21    53.50
   27   22    45.48
   27   44    13.40
   27   45    20.90
   27   46    11.20
   27   50    12.00
   27   51    18.40
   27   52    18.50
   27   53    22.50
   27   54    33.29
   27   55    47.69
   27   56    54.09
   27   57    56.19
   27   58    58.89
   27   59    62.80
   27   60    67.70
   27   61    74.10
   27   62    69.00
   27   63    71.10
   27   64    78.90
   27   65    77.00
   27   66    77.70
   27   67    82.59
   27   68    83.19
   27   69    82.90
   27   70    80.00
   27   71    75.20
   27   72    72.08
   27   73    76.20
   27   74    79.50
   27   75    83.60
   27   76    84.80
   27   77    80.09
   27   78    86.81
   27   79    87.39
   27   80    87.39
   27   81    91.18
   27   82    97.93
   27   83    94.83
   27   84    97.07
   27   85    83.66
   27   86    82.59
   27   87    79.30
   27   88    78.59
   27   89    79.30
   27   90    83.39
   27   91    91.99
   27   92    99.60
   27   93   115.89
   27   94   127.29
   27   95   135.90
   27   96   140.90
   27   97   144.59
   27   98   143.50
   27   99   143.90
   27  100   145.20
   27  101   147.59
   27  102   146.50
   27  103   135.00
   27  104   138.29
   27  105   144.20
   27  106   140.00
   28   14    27.40
   28   15    34.77
   28   16    49.30
   28   17    42.17
   28   18    40.97
   28   19    45.09
   28   20    45.83
   28   21    53.20
   28   22    41.86
   28   23    22.84
   28   44    10.90
   28   45    21.60
   28   46    26.90
   28   47    14.20
   28   48    11.40
   28   49    13.40
   28   50    13.50
   28   51    17.40
   28   52    21.79
   28   53    30.69
   28   54    44.21
   28   55    51.19
   28   56    54.50
   28   57    56.90
   28   58    61.00
   28   59    63.89
   28   60    68.00
   28   61    66.50
   28   62    65.69
   28   63    75.79
   28   64    80.59
   28   65    81.19
   28   66    86.50
   28   67    85.50
   28   68    81.50
   28   69    85.39
   28   70    81.69
   28   71    76.10
   28   72    81.80
   28   73    80.50
   28   74    78.50
   28   75    81.09
   28   76    83.69
   28   77    82.69
   28   78    84.69
   28   79    88.80
   28   80    91.10
   28   81   110.31
   28   82   112.78
   28   83   120.10
   28   84   103.65
   28   85    88.39
   28   86    83.60
   28   87    83.00
   28   88    83.19
   28   89    81.59
   28   90    83.89
   28   91    91.13
   28   92    99.39
   28   93   110.30
   28   94   123.34
   28   95   139.59
   28   96   147.20
   28   97   148.50
   28   98   147.20
   28   99   146.59
   28  100   144.70
   28  101   143.50
   28  102   137.50
   28  103   134.52
   28  104   141.59
   28  105   150.09
   28  106   141.29
   29   15    32.52
   29   16    39.39
   29   17    40.20
   29   18    41.39
   29   19    44.59
   29   20    44.19
   29   21    48.30
   29   22    49.39
   29   23    27.95
   29   24    14.33
   29   46    31.59
   29   47    23.79
   29   48    20.59
   29   49    20.69
   29   50    26.70
   29   51    20.69
   29   52    24.00
   29   53    32.79
   29   54    40.60
   29   55    46.80
   29   56    50.60
   29   57    56.80
   29   58    60.30
   29   59    64.39
   29   60    66.89
   29   61    64.39
   29   62    70.20
   29   63    76.79
   29   64    80.59
   29   65    77.40
   29   66    78.70
   29   67    80.19
   29   68    80.00
   29   69    76.29
   29   70    77.70
   29   71    80.19
   29   72    80.19
   29   73    81.50
   29   74    83.00
   29   75    81.30
   29   76    83.30
   29   77    88.39
   29   78    99.30
   29   79    94.05
   29   80    95.42
   29   81    99.75
   29   82   104.62
   29   83   136.27
   29   84   120.46
   29   85    95.79
   29   86    90.89
   29   87    87.30
   29   88    86.00
   29   89    85.10
   29   90    85.89
   29   91    87.40
   29   92    95.88
   29   93   104.14
   29   94   123.29
   29   95   141.70
   29   96   151.20
   29   97   151.60
   29   98   150.70
   29   99   150.40
   29  100   149.59
   29  101   147.50
   29  102   145.29
   29  103   137.59
   29  104   150.59
   29  105   149.29
   29  106   146.29
   30   15    29.00
   30   16    35.19
   30   17    34.82
   30   18    35.30
   30   19    38.60
   30   20    40.80
   30   21    43.09
   30   22    46.40
   30   23    40.00
   30   24    18.59
   30   30     7.99
   30   46    13.19
   30   47    11.70
   30   48    21.79
   30   49    24.90
   30   50    29.28
   30   51    42.30
   30   52    34.19
   30   53    32.50
   30   54    37.80
   30   55    47.09
   30   56    51.50
   30   57    51.00
   30   58    55.69
   30   59    56.80
   30   60    55.80
   30   61    62.89
   30   62    70.70
   30   63    79.09
   30   64    78.29
   30   65    71.60
   30   66    74.20
   30   67    76.79
   30   68    74.39
   30   69    75.70
   30   70    79.00
   30   71    80.50
   30   72    76.39
   30   73    76.20
   30   74    77.79
   30   75    80.80
   30   76    83.60
   30   77    87.69
   30   78    87.46
   30   79    85.50
   30   80   103.24
   30   81   117.95
   30   82   105.05
   30   83   102.90
   30   84   100.89
   30   85    98.39
   30   86    89.89
   30   87    86.80
   30   88    87.69
   30   89    89.50
   30   90    90.58
   30   91    92.75
   30   92   103.40
   30   93   120.29
   30   94   132.79
   30   95   145.40
   30   96   151.60
   30   97   153.40
   30   98   152.50
   30   99   150.41
   30  100   147.66
   30  101   148.70
   30  102   144.00
   30  103   139.40
   30  104   144.00
   30  105   134.09
   30  106   131.39
   31   15    19.09
   31   16    25.30
   31   17    28.59
   31   18    31.89
   31   19    34.40
   31   20    36.90
   31   21    39.73
   31   22    43.70
   31   23    36.69
   31   24    29.50
   31   30     7.80
   31   31     9.50
   31   33     7.97
   31   46    16.59
   31   47    17.70
   31   48    17.70
   31   49    21.00
   31   50    19.40
   31   51    23.59
   31   52    27.70
   31   53    31.50
   31   54    40.89
   31   55    48.19
   31   56    50.30
   31   57    53.50
   31   58    59.00
   31   59    49.69
   31   60    51.00
   31   61    61.60
   31   62    64.19
   31   63    69.00
   31   64    65.89
   31   65    63.39
   31   66    66.29
   31   67    67.29
   31   68    68.89
   31   69    69.79
   31   70    75.10
   31   71    79.59
   31   72    77.29
   31   73    74.60
   31   74    74.39
   31   75    75.20
   31   76    79.00
   31   77    83.50
   31   78    86.10
   31   79    87.30
   31   80    90.29
   31   81   114.77
   31   82   108.65
   31   83   100.75
   31   84   103.84
   31   85    98.02
   31   86    96.29
   31   87    94.50
   31   88    95.20
   31   89    94.10
   31   90    95.73
   31   91    99.60
   31   92   110.39
   31   93   118.89
   31   94   132.09
   31   95   137.29
   31   96   144.40
   31   97   152.97
   31   98   156.50
   31   99   150.31
   31  100   142.98
   31  101   145.40
   31  102   132.19
   31  103   127.50
   31  104   127.89
   31  105   129.79
   31  106   135.09
   32   15    12.35
   32   16    16.38
   32   17    20.91
   32   18    28.30
   32   19    30.30
   32   20    29.87
   32   21    35.09
   32   22    35.44
   32   23    33.00
   32   24    37.19
   32   25    32.09
   32   26    13.19
   32   30     4.50
   32   31    13.09
   32   32     8.50
   32   33     6.80
   32   46    20.80
   32   47    20.19
   32   48    20.59
   32   49    24.90
   32   50    20.00
   32   51    22.50
   32   52    24.80
   32   53    30.80
   32   54    39.19
   32   55    40.69
   32   56    45.80
   32   57    54.19
   32   58    56.59
   32   59    47.09
   32   60    57.59
   32   61    61.10
   32   62    48.10
   32   63    50.19
   32   64    53.50
   32   65    57.80
   32   66    63.30
   32   67    64.60
   32   68    65.39
   32   69    68.39
   32   70    73.39
   32   71    76.29
   32   72    76.79
   32   73    77.09
   32   74    77.00
   32   75    77.79
   32   76    82.09
   32   77    84.89
   32   78    86.00
   32   79    87.10
   32   80    90.81
   32   81    98.54
   32   82    98.74
   32   83   100.98
   32   84    97.09
   32   85    97.18
   32   86    91.35
   32   87    86.69
   32   88    90.10
   32   89    94.10
   32   90    93.89
   32   91    92.79
   32   92    93.70
   32   93    98.62
   32   94   108.40
   32   95   126.79
   32   96   138.50
   32   97   144.20
   32   98   146.70
   32   99   143.50
   32  100   133.90
   32  101   140.29
   32  102   122.39
   32  103   111.44
   32  104   111.60
   32  105   121.89
   32  106   129.10
   33   16    13.09
   33   17    17.30
   33   18    21.79
   33   19    26.70
   33   20    27.90
   33   21    27.53
   33   22    32.12
   33   23    31.99
   33   24    33.79
   33   25    33.50
   33   26    23.09
   33   30    11.90
   33   31    12.50
   33   32    14.59
   33   33    11.20
   33   45    11.70
   33   46    23.59
   33   47    23.79
   33   48    23.70
   33   49    24.19
   33   50    20.50
   33   51    22.70
   33   52    24.19
   33   53    31.79
   33   54    34.09
   33   55    40.00
   33   56    46.93
   33   57    57.90
   33   58    54.90
   33   59    53.79
   33   60    57.00
   33   61    42.79
   33   62    37.69
   33   63    40.89
   33   64    40.89
   33   65    43.40
   33   66    51.70
   33   67    63.00
   33   68    69.50
   33   69    74.39
   33   70    75.29
   33   71    76.50
   33   72    78.20
   33   73    79.69
   33   74    80.59
   33   75    81.80
   33   76    84.19
   33   77    83.39
   33   78    83.30
   33   79    87.50
   33   80   107.06
   33   81   112.95
   33   82   100.17
   33   83    96.14
   33   84    95.20
   33   85    91.41
   33   86    89.37
   33   87    91.60
   33   88    90.50
   33   89    90.09
   33   90    90.60
   33   91    89.30
   33   92    86.79
   33   93    93.03
   33   94    99.88
   33   95   114.23
   33   96   130.60
   33   97   134.20
   33   98   133.70
   33   99   133.00
   33  100   129.79
   33  101   130.79
   33  102   123.00
   33  103   107.80
   33  104   111.00
   33  105   121.79
   33  106   126.70
   34   17    12.82
   34   18    14.97
   34   19    17.20
   34   20    19.46
   34   21    23.09
   34   22    30.40
   34   23    37.50
   34   24    43.59
   34   25    42.90
   34   26    39.19
   34   27    20.30
   34   28     9.60
   34   30    16.69
   34   31    14.90
   34   32    12.00
   34   33    13.09
   34   34    12.09
   34   35    10.70
   34   45    17.79
   34   46    28.19
   34   47    27.29
   34   48    24.90
   34   49    25.89
   34   50    24.90
   34   51    23.09
   34   52    25.30
   34   53    34.11
   34   54    33.59
   34   55    40.00
   34   56    46.29
   34   57    65.60
   34   58    45.50
   34   59    53.79
   34   60    53.90
   34   61    40.00
   34   62    34.80
   34   63    30.09
   34   64    27.79
   34   65    29.69
   34   66    32.79
   34   67    41.39
   34   68    52.20
   34   69    66.60
   34   70    78.70
   34   71    74.29
   34   72    78.20
   34   73    79.69
   34   74    81.50
   34   75    82.19
   34   76    82.69
   34   77    82.19
   34   78    83.80
   34   79    87.50
   34   80   110.51
   34   81   113.84
   34   82    95.65
   34   83    95.10
   34   84    95.50
   34   85    94.46
   34   86    99.89
   34   87    97.60
   34   88    95.29
   34   89    92.50
   34   90    90.89
   34   91    87.69
   34   92    85.26
   34   93    87.04
   34   94    94.54
   34   95   104.28
   34   96   114.50
   34   97   115.00
   34   98   117.34
   34   99   122.70
   34  100   128.10
   34  101   127.39
   34  102   120.20
   34  103   107.69
   34  104   111.69
   34  105   125.00
   34  106   122.39
   35   18    13.85
   35   25    36.40
   35   26    41.89
   35   27    45.50
   35   28    39.10
   35   29    18.90
   35   30    20.00
   35   31    24.50
   35   32    15.59
   35   33    13.79
   35   34    17.40
   35   35    16.00
   35   36     9.60
   35   44    17.50
   35   45    27.20
   35   46    32.50
   35   47    31.50
   35   48    25.09
   35   49    29.80
   35   50    27.79
   35   51    34.91
   35   52    36.61
   35   53    31.89
   35   54    32.50
   35   55    37.80
   35   56    57.19
   35   57    59.89
   35   58    46.30
   35   59    52.40
   35   60    43.90
   35   61    28.40
   35   62    25.09
   35   63    26.79
   35   64    27.79
   35   65    29.50
   35   66    31.40
   35   67    37.80
   35   68    41.50
   35   69    56.59
   35   70    71.79
   35   71    74.00
   35   72    74.10
   35   73    80.19
   35   74    84.10
   35   75    83.60
   35   76    84.10
   35   77    85.19
   35   78    93.53
   35   79    95.68
   35   80   101.10
   35   81    97.50
   35   82    95.60
   35   83    96.00
   35   84    96.00
   35   85    95.99
   35   86    98.46
   35   87    96.50
   35   88    95.50
   35   89    93.70
   35   90    92.39
   35   91    89.89
   35   92    88.19
   35   93    88.39
   35   94    92.79
   35   95    98.41
   35   96   102.00
   35   97   103.90
   35   98   103.92
   35   99   111.69
   35  100   120.80
   35  101   122.70
   35  102   120.10
   35  103   109.39
   35  104   113.89
   35  105   123.89
   35  106   120.10
   36   26    29.69
   36   27    35.50
   36   28    34.30
   36   29    44.30
   36   30    39.69
   36   31    37.59
   36   32    35.19
   36   33    32.00
   36   34    34.00
   36   35    30.30
   36   36    27.20
   36   37    26.70
   36   38    22.29
   36   39    14.50
   36   40     9.10
   36   41     8.46
   36   42     7.30
   36   43    17.89
   36   44    33.90
   36   45    31.70
   36   46    34.59
   36   47    35.09
   36   48    30.69
   36   49    31.09
   36   50    29.28
   36   51    30.00
   36   52    26.00
   36   53    33.20
   36   54    34.00
   36   55    36.40
   36   56    77.59
   36   57    57.59
   36   58    42.20
   36   59    49.69
   36   60    30.59
   36   61    19.79
   36   62    23.20
   36   63    24.09
   36   64    27.70
   36   65    27.59
   36   66    29.59
   36   67    35.09
   36   68    37.90
   36   69    46.80
   36   70    65.10
   36   71    74.60
   36   72    76.68
   36   73    82.65
   36   74    86.69
   36   75    87.69
   36   76    88.48
   36   77    94.98
   36   78    98.07
   36   79    93.49
   36   80    92.99
   36   81    92.29
   36   82    92.39
   36   83    93.70
   36   84    94.29
   36   85    94.00
   36   86    94.39
   36   87    94.00
   36   88    94.79
   36   89    94.89
   36   90    93.29
   36   91    91.00
   36   92    91.00
   36   93    89.80
   36   94    90.15
   36   95    93.00
   36   96    94.36
   36   97    98.54
   36   98    98.42
   36   99   104.48
   36  100   115.38
   36  101   112.39
   36  102   114.69
   36  103   109.60
   36  104   109.39
   36  105   113.39
   36  106   122.91
   37   26    19.59
   37   27    23.09
   37   28    29.09
   37   29    35.40
   37   30    42.00
   37   31    44.59
   37   32    39.80
   37   33    36.30
   37   34    28.19
   37   35    29.40
   37   36    28.09
   37   37    32.20
   37   38    30.69
   37   39    30.40
   37   40    31.00
   37   41    28.00
   37   42    30.00
   37   43    30.00
   37   44    31.19
   37   45    30.30
   37   46    35.69
   37   47    36.09
   37   48    29.59
   37   49    30.59
   37   50    27.29
   37   51    24.59
   37   52    30.59
   37   53    34.89
   37   54    31.70
   37   55    37.90
   37   56    79.40
   37   57    45.59
   37   58    40.10
   37   59    40.69
   37   60    31.89
   37   61    23.50
   37   62    25.79
   37   63    31.40
   37   64    27.09
   37   65    25.00
   37   66    29.69
   37   67    34.80
   37   68    37.30
   37   69    42.29
   37   70    56.40
   37   71    73.50
   37   72    82.26
   37   73    86.53
   37   74    88.31
   37   75    86.60
   37   76    87.69
   37   77    89.91
   37   78    90.15
   37   79    85.80
   37   80    86.89
   37   81    87.89
   37   82    88.69
   37   83    89.69
   37   84    90.60
   37   85    91.20
   37   86    92.39
   37   87    90.30
   37   88    90.10
   37   89    91.70
   37   90    90.69
   37   91    87.50
   37   92    87.39
   37   93    88.69
   37   94    89.80
   37   95    88.89
   37   96    86.89
   37   97    87.56
   37   98    87.03
   37   99    89.67
   37  100    99.51
   37  101   104.46
   37  102   105.69
   37  103   108.39
   37  104   108.19
   37  105   110.50
   37  106   122.18
   38   26    14.09
   38   27    21.40
   38   28    26.09
   38   29    33.59
   38   30    35.50
   38   31    38.30
   38   32    49.80
   38   33    47.80
   38   34    41.19
   38   35    35.30
   38   36    35.19
   38   37    38.60
   38   38    38.69
   38   39    39.89
   38   40    36.40
   38   41    30.90
   38   42    29.50
   38   43    30.69
   38   44    33.00
   38   45    34.09
   38   46    36.19
   38   47    30.90
   38   48    31.40
   38   49    31.89
   38   50    28.00
   38   51    30.09
   38   52    30.59
   38   53    30.09
   38   54    29.69
   38   55    39.11
   38   56    80.30
   38   57    47.50
   38   58    40.80
   38   59    37.69
   38   60    29.80
   38   61    20.30
   38   62    26.00
   38   63    28.50
   38   64    23.70
   38   65    26.50
   38   66    30.80
   38   67    34.69
   38   68    35.59
   38   69    40.29
   38   70    52.31
   38   71    72.50
   38   72    82.68
   38   73    86.26
   38   74    86.05
   38   75    86.30
   38   76    85.10
   38   77    84.10
   38   78    83.50
   38   79    83.30
   38   80    83.50
   38   81    83.60
   38   82    84.00
   38   83    84.60
   38   84    85.60
   38   85    86.50
   38   86    90.50
   38   87    86.89
   38   88    86.96
   38   89    86.89
   38   90    84.39
   38   91    83.30
   38   92    85.69
   38   93    87.00
   38   94    86.89
   38   95    85.80
   38   96    82.80
   38   97    79.50
   38   98    79.19
   38   99    81.33
   38  100    90.73
   38  101    96.52
   38  102   101.95
   38  103   104.00
   38  104   108.19
   38  105   112.19
   38  106   116.70
   39   26    10.29
   39   27    18.79
   39   28    20.69
   39   29    24.19
   39   30    27.35
   39   31    27.81
   39   32    36.30
   39   33    45.09
   39   34    47.59
   39   35    49.69
   39   36    48.69
   39   37    48.19
   39   38    48.80
   39   39    46.00
   39   40    42.20
   39   41    42.50
   39   42    40.69
   39   43    41.50
   39   44    43.09
   39   45    42.79
   39   46    36.80
   39   47    31.70
   39   48    32.90
   39   49    34.80
   39   50    29.09
   39   51    25.89
   39   52    26.20
   39   53    32.00
   39   54    35.00
   39   55    45.66
   39   56    78.90
   39   57    52.40
   39   58    37.19
   39   59    33.40
   39   60    27.20
   39   61    22.79
   39   62    25.60
   39   63    23.50
   39   64    24.59
   39   65    28.09
   39   66    31.19
   39   67    33.70
   39   68    35.69
   39   69    39.30
   39   70    47.00
   39   71    67.50
   39   72    80.50
   39   73    83.80
   39   74    84.60
   39   75    84.60
   39   76    83.10
   39   77    81.80
   39   78    80.50
   39   79    79.30
   39   80    81.00
   39   81    79.09
   39   82    78.70
   39   83    78.50
   39   84    80.40
   39   85    80.69
   39   86    82.50
   39   87    84.10
   39   88    83.89
   39   89    82.69
   39   90    81.40
   39   91    80.59
   39   92    82.77
   39   93    82.69
   39   94    80.80
   39   95    78.59
   39   96    76.50
   39   97    76.29
   39   98    78.70
   39   99    82.50
   39  100    89.02
   39  101    95.44
   39  102   101.22
   39  103   104.09
   39  104   109.20
   39  105   113.60
   39  106   118.20
   40   27    12.50
   40   28    19.00
   40   29    22.09
   40   30    21.40
   40   31    29.45
   40   32    31.40
   40   33    35.30
   40   34    40.69
   40   35    46.30
   40   36    48.19
   40   37    48.00
   40   38    45.00
   40   39    46.80
   40   40    48.00
   40   41    49.89
   40   42    50.30
   40   43    48.19
   40   44    43.79
   40   45    37.09
   40   46    34.69
   40   47    32.90
   40   48    29.59
   40   49    28.30
   40   50    30.40
   40   51    27.59
   40   52    26.79
   40   53    30.69
   40   54    38.69
   40   55    45.24
   40   56    72.20
   40   57    58.50
   40   58    40.60
   40   59    33.90
   40   60    20.19
   40   61    20.80
   40   62    21.79
   40   63    22.29
   40   64    25.60
   40   65    28.80
   40   66    32.09
   40   67    35.00
   40   68    34.50
   40   69    38.19
   40   70    43.00
   40   71    60.00
   40   72    77.29
   40   73    82.80
   40   74    82.80
   40   75    81.09
   40   76    78.50
   40   77    75.79
   40   78    75.70
   40   79    75.26
   40   80    75.57
   40   81    74.00
   40   82    73.70
   40   83    74.00
   40   84    75.00
   40   85    75.39
   40   86    80.80
   40   87    82.00
   40   88    82.40
   40   89    81.80
   40   90    80.50
   40   91    80.30
   40   92    80.30
   40   93    79.30
   40   94    76.60
   40   95    74.00
   40   96    72.29
   40   97    72.00
   40   98    72.22
   40   99    76.01
   40  100    84.87
   40  101    95.14
   40  102   101.50
   40  103   106.00
   40  104   111.69
   40  105   116.89
   40  106   122.00
   41   27    10.79
   41   28    17.19
   41   29    22.00
   41   30    23.00
   41   31    27.40
   41   32    31.79
   41   33    32.00
   41   34    35.50
   41   35    39.80
   41   36    45.00
   41   37    44.50
   41   38    43.20
   41   39    44.80
   41   40    46.69
   41   41    46.90
   41   42    46.09
   41   43    43.09
   41   44    40.50
   41   45    38.39
   41   46    36.30
   41   47    33.70
   41   48    31.79
   41   49    30.80
   41   50    29.19
   41   51    30.00
   41   52    28.59
   41   53    32.09
   41   54    40.94
   41   55    47.83
   41   56    66.29
   41   57    61.89
   41   58    41.60
   41   59    31.09
   41   60    24.50
   41   61    22.40
   41   62    20.59
   41   63    22.00
   41   64    25.00
   41   65    27.09
   41   66    29.90
   41   67    32.59
   41   68    34.69
   41   69    38.19
   41   70    41.30
   41   71    52.90
   41   72    71.70
   41   73    80.59
   41   74    81.69
   41   75    79.69
   41   76    78.59
   41   77    78.90
   41   78    77.09
   41   79    74.70
   41   80    73.41
   41   81    71.36
   41   82    70.89
   41   83    70.89
   41   84    71.20
   41   85    71.50
   41   86    73.10
   41   87    76.19
   41   88    80.09
   41   89    82.00
   41   90    79.19
   41   91    76.00
   41   92    75.29
   41   93    73.51
   41   94    70.65
   41   95    69.29
   41   96    68.97
   41   97    69.74
   41   98    70.60
   41   99    71.60
   41  100    81.02
   41  101    99.29
   41  102   105.09
   41  103   109.69
   41  104   115.00
   41  105   119.27
   41  106   124.00
   42   28    15.09
   42   29    21.50
   42   30    23.79
   42   31    23.20
   42   32    27.59
   42   33    29.00
   42   34    30.90
   42   35    33.20
   42   36    36.50
   42   37    39.80
   42   38    39.00
   42   39    37.00
   42   40    39.80
   42   41    39.00
   42   42    37.09
   42   43    37.40
   42   44    37.00
   42   45    35.30
   42   46    32.79
   42   47    30.90
   42   48    31.00
   42   49    30.19
   42   50    26.25
   42   51    27.00
   42   52    35.19
   42   53    39.39
   42   54    40.10
   42   55    44.59
   42   56    58.80
   42   57    55.59
   42   58    44.69
   42   59    33.20
   42   60    26.79
   42   61    25.50
   42   62    23.40
   42   63    21.70
   42   64    20.80
   42   65    21.19
   42   66    24.90
   42   67    28.12
   42   68    29.90
   42   69    32.79
   42   70    37.24
   42   71    47.50
   42   72    62.80
   42   73    75.29
   42   74    78.20
   42   75    82.84
   42   76    78.00
   42   77    78.09
   42   78    78.70
   42   79    79.00
   42   80    74.60
   42   81    71.70
   42   82    70.60
   42   83    70.00
   42   84    68.49
   42   85    69.00
   42   86    68.79
   42   87    72.50
   42   88    74.74
   42   89    73.02
   42   90    70.31
   42   91    69.09
   42   92    69.10
   42   93    67.80
   42   94    66.89
   42   95    66.54
   42   96    70.39
   42   97    69.60
   42   98    69.29
   42   99    76.70
   42  100    88.81
   42  101   102.59
   42  102   112.19
   42  103   115.19
   42  104   118.60
   42  105   120.60
   42  106   120.10
   43   28     9.19
   43   29    16.50
   43   30    22.20
   43   31    21.50
   43   32    21.30
   43   33    25.60
   43   34    28.30
   43   35    31.00
   43   36    36.30
   43   37    38.30
   43   38    37.19
   43   39    39.30
   43   40    39.39
   43   41    32.50
   43   42    30.80
   43   43    34.19
   43   44    33.50
   43   45    32.40
   43   46    29.44
   43   47    32.09
   43   48    31.00
   43   49    28.90
   43   50    28.30
   43   51    29.40
   43   52    34.59
   43   53    39.80
   43   54    45.19
   43   55    48.69
   43   56    51.19
   43   57    46.80
   43   58    43.90
   43   59    38.80
   43   60    30.90
   43   61    30.90
   43   62    29.09
   43   63    25.79
   43   64    21.53
   43   65    21.09
   43   66    24.90
   43   67    26.04
   43   68    28.84
   43   69    30.59
   43   70    33.63
   43   71    45.00
   43   72    55.09
   43   73    67.79
   43   74    74.29
   43   75    78.71
   43   76    74.60
   43   77    74.79
   43   78    74.89
   43   79    76.10
   43   80    74.00
   43   81    70.39
   43   82    69.39
   43   83    69.10
   43   84    67.50
   43   85    67.10
   43   86    66.43
   43   87    67.57
   43   88    69.10
   43   89    68.93
   43   90    66.50
   43   91    65.69
   43   92    64.39
   43   93    64.39
   43   94    63.80
   43   95    69.70
   43   96    72.29
   43   97    75.50
   43   98    75.89
   43   99    88.00
   43  100   100.00
   43  101   106.30
   43  102   113.39
   43  103   118.29
   43  104   120.50
   43  105   124.65
   43  106   133.09
   44   29    11.09
   44   30    18.40
   44   31    20.30
   44   32    19.35
   44   33    23.09
   44   34    25.40
   44   35    29.40
   44   36    31.30
   44   37    31.50
   44   38    30.90
   44   39    36.30
   44   40    37.80
   44   41    31.30
   44   42    30.69
   44   43    31.30
   44   44    34.80
   44   45    34.40
   44   46    29.75
   44   47    36.90
   44   48    33.50
   44   49    28.46
   44   50    29.34
   44   51    32.05
   44   52    35.50
   44   53    44.00
   44   54    54.19
   44   55    44.45
   44   56    40.80
   44   57    41.50
   44   58    41.50
   44   59    42.59
   44   60    37.30
   44   61    35.69
   44   62    33.59
   44   63    32.59
   44   64    27.79
   44   65    25.20
   44   66    25.60
   44   67    26.07
   44   68    27.08
   44   69    28.90
   44   70    31.60
   44   71    39.10
   44   72    49.19
   44   73    63.89
   44   74    72.20
   44   75    72.29
   44   76    69.60
   44   77    70.70
   44   78    72.10
   44   79    72.89
   44   80    73.79
   44   81    71.89
   44   82    68.89
   44   83    68.20
   44   84    66.20
   44   85    65.10
   44   86    64.36
   44   87    63.92
   44   88    64.19
   44   89    64.10
   44   90    62.86
   44   91    63.60
   44   92    63.00
   44   93    63.30
   44   94    66.50
   44   95    71.39
   44   96    76.20
   44   97    73.39
   44   98    80.77
   44   99    96.71
   44  100   105.69
   44  101   104.09
   44  102   111.39
   44  103   112.50
   44  104   115.60
   44  105   128.18
   44  106   140.83
   45   30    10.50
   45   31    16.09
   45   32    19.20
   45   33    18.75
   45   34    22.09
   45   35    29.40
   45   36    30.90
   45   37    30.30
   45   38    28.40
   45   39    32.29
   45   40    29.50
   45   41    28.70
   45   42    29.90
   45   43    29.59
   45   44    30.19
   45   45    29.90
   45   46    27.90
   45   47    30.00
   45   48    27.59
   45   49    27.20
   45   50    29.30
   45   51    34.59
   45   52    38.60
   45   53    40.80
   45   54    43.32
   45   55    38.50
   45   56    37.19
   45   57    37.90
   45   58    40.89
   45   59    43.59
   45   60    40.60
   45   61    38.89
   45   62    38.80
   45   63    39.39
   45   64    34.90
   45   65    31.00
   45   66    27.70
   45   67    26.18
   45   68    27.72
   45   69    28.50
   45   70    30.78
   45   71    37.30
   45   72    45.30
   45   73    57.59
   45   74    66.10
   45   75    67.50
   45   76    68.29
   45   77    68.79
   45   78    69.10
   45   79    70.60
   45   80    70.89
   45   81    70.60
   45   82    68.70
   45   83    67.29
   45   84    64.30
   45   85    63.69
   45   86    62.39
   45   87    61.69
   45   88    62.10
   45   89    61.19
   45   90    60.33
   45   91    62.57
   45   92    63.10
   45   93    62.10
   45   94    67.10
   45   95    77.00
   45   96    82.69
   45   97    78.50
   45   98    87.03
   45   99   103.90
   45  100   110.00
   45  101   106.90
   45  102   109.60
   45  103   109.60
   45  104   114.60
   45  105   131.82
   45  106   156.50
   46   30     7.50
   46   31     8.60
   46   32    19.20
   46   33    21.50
   46   34    20.40
   46   35    27.29
   46   36    28.80
   46   37    25.30
   46   38    24.07
   46   39    27.75
   46   40    27.90
   46   41    24.90
   46   42    27.90
   46   43    28.40
   46   44    28.84
   46   45    29.58
   46   46    27.00
   46   47    27.50
   46   48    27.59
   46   49    30.09
   46   50    29.30
   46   51    34.80
   46   52    39.10
   46   53    38.60
   46   54    38.00
   46   55    39.30
   46   56    38.80
   46   57    38.10
   46   58    40.00
   46   59    42.00
   46   60    40.80
   46   61    40.39
   46   62    40.50
   46   63    40.60
   46   64    39.80
   46   65    36.69
   46   66    31.09
   46   67    28.74
   46   68    29.05
   46   69    28.62
   46   70    30.52
   46   71    34.80
   46   72    42.70
   46   73    51.79
   46   74    59.00
   46   75    62.80
   46   76    67.89
   46   77    68.20
   46   78    69.68
   46   79    68.50
   46   80    69.00
   46   81    68.60
   46   82    66.70
   46   83    64.89
   46   84    62.81
   46   85    62.10
   46   86    62.50
   46   87    60.50
   46   88    60.60
   46   89    61.19
   46   90    61.45
   46   91    66.69
   46   92    66.50
   46   93    63.49
   46   94    66.26
   46   95    73.70
   46   96    87.10
   46   97    87.10
   46   98    91.64
   46   99   107.69
   46  100   111.80
   46  101   110.89
   46  102   113.10
   46  103   118.50
   46  104   128.10
   46  105   158.35
   46  106   183.24
   47   32     8.39
   47   33    15.70
   47   34    20.09
   47   35    21.50
   47   36    21.79
   47   37    20.80
   47   38    20.89
   47   39    22.33
   47   40    24.68
   47   41    22.90
   47   42    24.69
   47   43    25.60
   47   44    25.70
   47   45    27.79
   47   46    27.50
   47   47    25.89
   47   48    28.40
   47   49    27.20
   47   50    29.30
   47   51    34.59
   47   52    38.30
   47   53    36.50
   47   54    36.30
   47   55    40.30
   47   56    42.90
   47   57    40.23
   47   58    41.00
   47   59    42.40
   47   60    41.50
   47   61    41.15
   47   62    40.60
   47   63    41.53
   47   64    40.81
   47   65    40.19
   47   66    37.90
   47   67    31.50
   47   68    28.40
   47   69    28.28
   47   70    29.19
   47   71    31.30
   47   72    39.10
   47   73    49.50
   47   74    53.70
   47   75    59.80
   47   76    66.70
   47   77    75.99
   47   78    74.62
   47   79    66.70
   47   80    69.29
   47   81    69.00
   47   82    64.00
   47   83    61.80
   47   84    59.68
   47   85    62.24
   47   86    64.00
   47   87    61.49
   47   88    60.69
   47   89    62.00
   47   90    65.11
   47   91    71.71
   47   92    72.34
   47   93    69.95
   47   94    69.90
   47   95    78.29
   47   96    89.60
   47   97    92.89
   47   98    97.48
   47   99   116.89
   47  100   127.60
   47  101   121.20
   47  102   141.16
   47  103   177.89
   47  104   183.29
   47  105   204.90
   47  106   233.50
   48   34    15.90
   48   35    18.70
   48   36    19.99
   48   37    20.80
   48   38    20.69
   48   39    20.59
   48   40    20.59
   48   41    20.50
   48   42    21.00
   48   43    24.80
   48   44    25.70
   48   45    29.09
   48   46    27.50
   48   47    25.89
   48   48    24.69
   48   49    25.89
   48   50    29.30
   48   51    34.59
   48   52    38.50
   48   53    37.90
   48   54    37.59
   48   55    41.19
   48   56    45.40
   48   57    41.96
   48   58    40.80
   48   59    40.69
   48   60    40.71
   48   61    40.77
   48   62    41.39
   48   63    45.59
   48   64    45.09
   48   65    43.00
   48   66    41.30
   48   67    39.89
   48   68    35.80
   48   69    29.68
   48   70    29.03
   48   71    32.50
   48   72    37.30
   48   73    45.50
   48   74    52.90
   48   75    58.39
   48   76    65.22
   48   77    73.44
   48   78    71.88
   48   79    68.10
   48   80    69.29
   48   81    70.20
   48   82    62.19
   48   83    58.60
   48   84    55.69
   48   85    60.78
   48   86    63.03
   48   87    62.89
   48   88    63.80
   48   89    64.39
   48   90    67.00
   48   91    70.30
   48   92    70.89
   48   93    70.40
   48   94    73.60
   48   95    79.30
   48   96    90.80
   48   97    93.95
   48   98   104.30
   48   99   124.70
   48  100   150.90
   48  101   167.17
   48  102   229.00
   48  103   215.17
   48  104   225.13
   48  105   237.37
   48  106   260.39
   49   35    13.75
   49   36    19.78
   49   37    20.90
   49   38    20.40
   49   39    20.00
   49   40    20.59
   49   41    20.59
   49   42    20.69
   49   43    21.50
   49   44    25.79
   49   45    25.79
   49   46    25.89
   49   47    25.50
   49   48    23.81
   49   49    25.57
   49   50    29.30
   49   51    33.40
   49   52    39.19
   49   53    40.80
   49   54    40.50
   49   55    41.89
   49   56    48.19
   49   57    44.73
   49   58    43.39
   49   59    42.54
   49   60    42.45
   49   61    42.58
   49   62    42.70
   49   63    46.09
   49   64    46.09
   49   65    45.80
   49   66    45.59
   49   67    43.29
   49   68    39.30
   49   69    30.40
   49   70    29.50
   49   71    32.50
   49   72    38.60
   49   73    41.60
   49   74    50.80
   49   75    56.30
   49   76    60.60
   49   77    66.29
   49   78    69.29
   49   79    70.29
   49   80    70.29
   49   81    69.50
   49   82    62.10
   49   83    58.69
   49   84    54.25
   49   85    57.87
   49   86    61.26
   49   87    61.30
   49   88    64.30
   49   89    65.44
   49   90    69.70
   49   91    70.00
   49   92    67.79
   49   93    73.10
   49   94    76.18
   49   95    83.60
   49   96    91.20
   49   97    98.17
   49   98   109.50
   49   99   121.65
   49  100   152.50
   49  101   206.05
   49  102   226.58
   49  103   253.58
   49  104   261.83
   49  105   277.64
   49  106   282.66
   50   36    16.39
   50   37    18.50
   50   38    17.38
   50   39    17.76
   50   40    20.69
   50   41    20.69
   50   42    20.69
   50   43    21.60
   50   44    25.79
   50   45    25.89
   50   46    27.20
   50   47    26.40
   50   48    28.09
   50   49    26.00
   50   50    27.09
   50   51    31.30
   50   52    39.30
   50   53    41.00
   50   54    41.70
   50   55    41.70
   50   56    47.50
   50   57    48.19
   50   58    47.90
   50   59    47.80
   50   60    47.59
   50   61    47.09
   50   62    46.59
   50   63    47.59
   50   64    47.59
   50   65    47.40
   50   66    46.59
   50   67    45.00
   50   68    41.19
   50   69    37.59
   50   70    31.19
   50   71    32.70
   50   72    37.09
   50   73    40.00
   50   74    47.60
   50   75    53.09
   50   76    58.60
   50   77    62.60
   50   78    68.00
   50   79    68.50
   50   80    68.10
   50   81    66.79
   50   82    56.50
   50   83    52.90
   50   84    52.59
   50   85    56.55
   50   86    59.74
   50   87    59.88
   50   88    61.78
   50   89    66.77
   50   90    70.70
   50   91    71.10
   50   92    67.10
   50   93    70.12
   50   94    79.19
   50   95    87.60
   50   96    95.10
   50   97    99.70
   50   98   117.70
   50   99   157.99
   50  100   203.79
   50  101   241.30
   50  102   258.10
   50  103   270.10
   50  104   280.22
   50  105   290.32
   50  106   295.81
   51   37    12.30
   51   38    15.90
   51   39    16.30
   51   40    19.59
   51   41    20.00
   51   42    20.80
   51   43    21.70
   51   44    25.89
   51   45    29.47
   51   46    31.00
   51   47    31.00
   51   48    31.00
   51   49    30.19
   51   50    28.20
   51   51    30.34
   51   52    38.50
   51   53    40.60
   51   54    40.89
   51   55    41.59
   51   56    45.69
   51   57    49.00
   51   58    48.60
   51   59    50.39
   51   60    51.10
   51   61    50.80
   51   62    49.50
   51   63    50.10
   51   64    50.69
   51   65    49.39
   51   66    47.26
   51   67    44.90
   51   68    41.00
   51   69    37.59
   51   70    31.40
   51   71    32.70
   51   72    36.19
   51   73    37.09
   51   74    43.40
   51   75    49.00
   51   76    55.19
   51   77    60.00
   51   78    64.50
   51   79    65.39
   51   80    65.69
   51   81    64.69
   51   82    54.09
   51   83    51.19
   51   84    52.59
   51   85    56.56
   51   86    60.30
   51   87    60.31
   51   88    63.28
   51   89    67.82
   51   90    72.73
   51   91    73.00
   51   92    72.10
   51   93    72.89
   51   94    80.84
   51   95    91.00
   51   96   100.20
   51   97   103.09
   51   98   149.23
   51   99   194.86
   51  100   222.22
   51  101   261.57
   51  102   269.47
   51  103   274.72
   51  104   278.99
   51  105   290.09
   51  106   292.91
   52   38     6.80
   52   39    13.00
   52   40    16.00
   52   41    16.40
   52   42    18.40
   52   43    20.09
   52   44    22.11
   52   45    25.91
   52   46    27.59
   52   47    28.33
   52   48    26.09
   52   49    26.09
   52   50    26.00
   52   51    27.24
   52   52    33.50
   52   53    40.19
   52   54    40.89
   52   55    42.90
   52   56    46.00
   52   57    47.80
   52   58    47.90
   52   59    49.89
   52   60    50.89
   52   61    51.30
   52   62    49.89
   52   63    48.37
   52   64    49.00
   52   65    48.00
   52   66    45.94
   52   67    44.21
   52   68    41.10
   52   69    40.19
   52   70    36.40
   52   71    31.70
   52   72    31.75
   52   73    36.59
   52   74    40.69
   52   75    44.90
   52   76    50.60
   52   77    56.30
   52   78    61.60
   52   79    62.30
   52   80    62.31
   52   81    63.60
   52   82    58.30
   52   83    56.30
   52   84    54.87
   52   85    58.08
   52   86    60.38
   52   87    61.89
   52   88    64.50
   52   89    69.39
   52   90    73.58
   52   91    76.00
   52   92    75.39
   52   93    75.17
   52   94    82.07
   52   95    90.89
   52   96    97.00
   52   97   123.43
   52   98   184.91
   52   99   228.93
   52  100   256.25
   52  101   274.20
   52  102   268.11
   52  103   259.34
   52  104   258.48
   52  105   265.59
   52  106   267.59
   53   41     7.69
   53   42     9.39
   53   43    13.50
   53   44    16.50
   53   45    18.39
   53   46    20.27
   53   47    23.70
   53   48    24.90
   53   49    25.30
   53   50    26.09
   53   51    26.90
   53   52    31.89
   53   53    38.39
   53   54    40.89
   53   55    41.19
   53   56    44.90
   53   57    46.40
   53   58    47.59
   53   59    48.10
   53   60    48.30
   53   61    48.50
   53   62    48.80
   53   63    46.69
   53   64    45.80
   53   65    45.30
   53   66    43.47
   53   67    45.40
   53   68    43.90
   53   69    46.30
   53   70    37.30
   53   71    30.86
   53   72    32.59
   53   73    38.45
   53   74    40.57
   53   75    44.30
   53   76    50.10
   53   77    54.00
   53   78    59.30
   53   79    60.10
   53   80    60.78
   53   81    60.19
   53   82    59.19
   53   83    58.19
   53   84    58.51
   53   85    59.71
   53   86    60.11
   53   87    61.30
   53   88    62.19
   53   89    67.20
   53   90    74.38
   53   91    77.59
   53   92    78.20
   53   93    80.30
   53   94    88.50
   53   95    95.79
   53   96   106.60
   53   97   157.63
   53   98   229.77
   53   99   293.46
   53  100   286.42
   53  101   275.39
   53  102   258.26
   53  103   243.70
   53  104   242.80
   53  105   256.34
   53  106   262.82
   54   45     8.19
   54   47    13.07
   54   48    19.34
   54   49    24.50
   54   50    26.09
   54   51    26.50
   54   52    30.59
   54   53    36.30
   54   54    39.80
   54   55    40.80
   54   56    40.69
   54   57    44.00
   54   58    46.00
   54   59    46.30
   54   60    47.00
   54   61    47.59
   54   62    46.59
   54   63    44.90
   54   64    43.02
   54   65    41.53
   54   66    41.40
   54   67    41.86
   54   68    47.50
   54   69    42.79
   54   70    38.34
   54   71    36.80
   54   72    33.66
   54   73    39.18
   54   74    40.32
   54   75    44.09
   54   76    51.60
   54   77    55.59
   54   78    59.19
   54   79    60.19
   54   80    60.00
   54   81    60.67
   54   82    59.60
   54   83    58.89
   54   84    59.19
   54   85    59.54
   54   86    59.78
   54   87    59.39
   54   88    58.57
   54   89    62.89
   54   90    73.24
   54   91    78.80
   54   92    81.18
   54   93    88.13
   54   94    96.00
   54   95    99.70
   54   96   123.86
   54   97   189.13
   54   98   268.06
   54   99   296.99
   54  100   287.23
   54  101   286.32
   54  102   264.01
   54  103   233.85
   54  104   237.07
   54  105   260.26
   54  106   272.03
   55   45     4.60
   55   46     6.44
   55   48     8.89
   55   49    17.89
   55   50    24.90
   55   51    24.05
   55   52    28.09
   55   53    34.40
   55   54    38.30
   55   55    40.60
   55   56    40.69
   55   57    42.29
   55   58    44.40
   55   59    44.80
   55   60    46.30
   55   61    46.40
   55   62    46.09
   55   63    44.50
   55   64    41.22
   55   65    40.30
   55   66    40.19
   55   67    40.89
   55   68    45.80
   55   69    43.10
   55   70    41.58
   55   71    39.89
   55   72    38.75
   55   73    38.86
   55   74    38.28
   55   75    40.89
   55   76    48.80
   55   77    54.40
   55   78    58.19
   55   79    60.10
   55   80    61.24
   55   81    64.23
   55   82    63.60
   55   83    61.89
   55   84    58.80
   55   85    58.71
   55   86    58.64
   55   87    57.69
   55   88    56.45
   55   89    61.51
   55   90    72.86
   55   91    83.39
   55   92    86.96
   55   93    96.21
   55   94   100.60
   55   95   101.47
   55   96   144.01
   55   97   219.50
   55   98   291.82
   55   99   299.72
   55  100   293.91
   55  101   310.45
   55  102   288.63
   55  103   228.49
   55  104   224.96
   55  105   245.76
   55  106   239.75
   56   46     4.32
   56   47     6.83
   56   48     8.05
   56   49     8.00
   56   50    20.04
   56   51    24.26
   56   52    27.39
   56   53    31.40
   56   54    36.09
   56   55    39.50
   56   56    40.39
   56   57    40.69
   56   58    40.79
   56   59    43.90
   56   60    44.19
   56   61    44.19
   56   62    45.40
   56   63    43.79
   56   64    41.89
   56   65    41.30
   56   66    40.10
   56   67    40.19
   56   68    41.13
   56   69    43.07
   56   70    45.69
   56   71    46.50
   56   72    44.41
   56   73    43.55
   56   74    39.24
   56   75    41.10
   56   76    48.10
   56   77    50.50
   56   78    55.69
   56   79    56.59
   56   80    59.20
   56   81    62.79
   56   82    64.69
   56   83    64.50
   56   84    57.90
   56   85    56.40
   56   86    54.82
   56   87    53.84
   56   88    54.83
   56   89    62.48
   56   90    73.96
   56   91    86.80
   56   92    90.20
   56   93    96.92
   56   94   102.20
   56   95   102.54
   56   96   155.97
   56   97   237.23
   56   98   301.12
   56   99   307.10
   56  100   304.08
   56  101   324.33
   56  102   298.03
   56  103   228.88
   56  104   208.58
   56  105   220.60
   56  106   218.57
   57   47     5.64
   57   48     7.32
   57   50    13.79
   57   51    22.00
   57   52    26.75
   57   53    30.19
   57   54    33.29
   57   55    39.30
   57   56    39.69
   57   57    40.50
   57   58    41.00
   57   59    41.56
   57   60    41.28
   57   61    41.29
   57   62    45.19
   57   63    44.09
   57   64    42.40
   57   65    41.00
   57   66    40.39
   57   67    40.60
   57   68    40.10
   57   69    43.40
   57   70    46.19
   57   71    50.19
   57   72    49.50
   57   73    49.00
   57   74    46.49
   57   75    47.50
   57   76    47.90
   57   77    49.69
   57   78    55.00
   57   79    54.90
   57   80    56.19
   57   81    59.00
   57   82    60.19
   57   83    60.00
   57   84    57.59
   57   85    55.40
   57   86    52.50
   57   87    53.29
   57   88    60.30
   57   89    64.23
   57   90    76.00
   57   91    87.60
   57   92    92.11
   57   93   100.60
   57   94   106.80
   57   95   118.20
   57   96   178.23
   57   97   271.80
   57   98   306.20
   57   99   313.75
   57  100   307.16
   57  101   290.17
   57  102   257.68
   57  103   216.88
   57  104   183.03
   57  105   193.89
   57  106   200.24
   58   48     5.54
   58   49     7.80
   58   51    24.19
   58   52    26.09
   58   53    29.19
   58   54    32.79
   58   55    34.76
   58   56    37.41
   58   57    38.10
   58   58    39.89
   58   59    41.30
   58   60    42.20
   58   61    42.90
   58   62    44.09
   58   63    43.70
   58   64    42.79
   58   65    40.80
   58   66    41.60
   58   67    41.70
   58   68    47.30
   58   69    47.69
   58   70    49.60
   58   71    51.70
   58   72    50.69
   58   73    50.10
   58   74    50.19
   58   75    52.59
   58   76    52.09
   58   77    52.50
   58   78    54.90
   58   79    53.29
   58   80    53.09
   58   81    56.80
   58   82    58.69
   58   83    57.90
   58   84    53.40
   58   85    52.09
   58   86    51.39
   58   87    52.20
   58   88    57.40
   58   89    64.82
   58   90    78.25
   58   91    88.25
   58   92    99.57
   58   93   114.30
   58   94   118.89
   58   95   154.47
   58   96   211.48
   58   97   277.36
   58   98   307.39
   58   99   316.00
   58  100   305.17
   58  101   275.10
   58  102   222.96
   58  103   149.54
   58  104    90.29
   58  105    95.66
   58  106   164.55
   59   49     8.16
   59   50    11.29
   59   51    24.19
   59   52    26.09
   59   53    29.19
   59   54    32.90
   59   55    34.19
   59   56    37.09
   59   57    38.10
   59   58    39.89
   59   59    41.30
   59   60    42.09
   59   61    43.00
   59   62    43.50
   59   63    43.40
   59   64    42.70
   59   65    41.10
   59   66    42.28
   59   67    43.40
   59   68    44.40
   59   69    47.69
   59   70    49.60
   59   71    51.70
   59   72    50.69
   59   73    50.10
   59   74    50.19
   59   75    52.79
   59   76    53.40
   59   77    54.59
   59   78    53.70
   59   79    49.10
   59   80    49.99
   59   81    54.40
   59   82    58.00
   59   83    56.90
   59   84    52.09
   59   85    52.20
   59   86    54.40
   59   87    53.29
   59   88    52.05
   59   89    64.49
   59   90    80.57
   59   91    89.92
   59   92   106.45
   59   93   124.70
   59   94   150.10
   59   95   194.04
   59   96   244.29
   59   97   280.53
   59   98   306.83
   59   99   309.38
   59  100   305.20
   59  101   218.56
   59  102   127.98
   59  104    21.53
   59  105    24.83
   59  106    74.13
   60   49     8.48
   60   50    11.29
   60   51    24.19
   60   52    26.09
   60   53    29.19
   60   54    32.79
   60   55    34.19
   60   56    37.00
   60   57    38.10
   60   58    39.89
   60   59    41.30
   60   60    41.79
   60   61    42.59
   60   62    43.00
   60   63    43.00
   60   64    42.00
   60   65    41.79
   60   66    42.87
   60   67    44.59
   60   68    46.00
   60   69    48.00
   60   70    49.60
   60   71    51.60
   60   72    50.60
   60   73    50.10
   60   74    50.10
   60   75    50.19
   60   76    52.00
   60   77    52.79
   60   78    49.80
   60   79    44.95
   60   80    48.08
   60   81    52.50
   60   82    57.50
   60   83    58.00
   60   84    57.19
   60   85    55.80
   60   86    54.09
   60   87    51.19
   60   88    52.85
   60   89    66.95
   60   90    80.57
   60   91    92.30
   60   92   111.13
   60   93   142.41
   60   94   186.34
   60   95   233.00
   60   96   282.39
   60   97   302.03
   60   98   305.84
   60   99   278.42
   60  100   227.89
   60  101   102.50
   61   50     9.30
   61   51    22.00
   61   52    25.19
   61   53    29.00
   61   54    29.80
   61   55    33.50
   61   56    34.50
   61   57    36.30
   61   58    39.30
   61   59    40.30
   61   60    41.60
   61   61    42.09
   61   62    42.59
   61   63    42.29
   61   64    41.10
   61   65    40.02
   61   66    41.10
   61   67    44.01
   61   68    46.74
   61   69    48.39
   61   70    48.71
   61   71    49.88
   61   72    48.19
   61   73    48.19
   61   74    48.19
   61   75    47.30
   61   76    48.80
   61   77    49.89
   61   78    48.78
   61   79    40.48
   61   80    40.00
   61   81    48.69
   61   82    54.50
   61   83    55.09
   61   84    57.90
   61   85    56.69
   61   86    50.19
   61   87    45.88
   61   88    55.73
   61   89    71.74
   61   90    82.47
   61   91    96.08
   61   92   133.01
   61   93   168.06
   61   94   222.70
   61   95   263.99
   61   96   303.88
   61   97   317.04
   61   98   302.81
   61   99   198.76
   61  100    25.93
   62   50     9.30
   62   51    14.70
   62   52    23.79
   62   53    25.60
   62   54    28.19
   62   55    29.59
   62   56    32.00
   62   57    34.50
   62   58    38.10
   62   59    39.89
   62   60    41.19
   62   61    41.70
   62   62    41.70
   62   63    42.00
   62   64    41.60
   62   65    40.39
   62   66    41.37
   62   67    45.19
   62   68    48.23
   62   69    49.97
   62   70    47.94
   62   71    46.75
   62   72    46.59
   62   73    46.80
   62   74    47.00
   62   75    46.00
   62   76    44.00
   62   77    43.20
   62   78    44.45
   62   79    40.67
   62   80    36.69
   62   81    42.28
   62   82    52.00
   62   83    52.90
   62   84    54.09
   62   85    52.40
   62   86    49.88
   62   87    57.90
   62   88    72.60
   62   89    80.10
   62   90    89.59
   62   91   120.10
   62   92   187.29
   62   93   222.89
   62   94   266.77
   62   95   294.74
   62   96   319.14
   62   97   317.59
   62   98   261.36
   62   99   131.00
   63   50     8.29
   63   51    12.09
   63   52    22.00
   63   53    25.50
   63   54    27.79
   63   55    29.80
   63   56    30.19
   63   57    33.00
   63   58    37.19
   63   59    38.89
   63   60    40.04
   63   61    40.19
   63   62    40.64
   63   63    40.50
   63   64    40.60
   63   65    42.70
   63   66    44.19
   63   67    47.09
   63   68    48.50
   63   69    49.10
   63   70    47.00
   63   71    46.50
   63   72    45.80
   63   73    46.50
   63   74    46.30
   63   75    45.00
   63   76    43.59
   63   77    42.90
   63   78    41.89
   63   79    40.36
   63   80    39.72
   63   81    43.00
   63   82    50.10
   63   83    52.79
   63   84    54.40
   63   85    55.00
   63   86    56.59
   63   87    65.10
   63   88    74.47
   63   89    78.00
   63   90    89.54
   63   91   117.20
   63   92   174.39
   63   93   251.09
   63   94   289.03
   63   95   315.53
   63   96   341.86
   63   97   328.66
   63   98   201.84
   64   50     8.20
   64   51    10.40
   64   52    19.50
   64   53    23.29
   64   54    26.09
   64   55    26.30
   64   56    29.80
   64   57    34.19
   64   58    36.00
   64   59    37.90
   64   60    39.43
   64   61    39.50
   64   62    39.71
   64   63    40.19
   64   64    41.60
   64   65    43.20
   64   66    45.59
   64   67    47.09
   64   68    46.19
   64   69    44.90
   64   70    43.40
   64   71    43.40
   64   72    43.00
   64   73    44.19
   64   74    44.19
   64   75    43.20
   64   76    42.09
   64   77    41.70
   64   78    41.15
   64   79    39.75
   64   80    38.44
   64   81    41.89
   64   82    46.90
   64   83    49.19
   64   84    51.39
   64   85    55.50
   64   86    60.39
   64   87    66.60
   64   88    72.60
   64   89    81.59
   64   90   101.00
   64   91   128.77
   64   92   195.50
   64   93   280.47
   64   94   306.95
   64   95   331.09
   64   96   343.49
   64   97   293.30
   64   98   138.76
   65   50     7.62
   65   51     7.40
   65   52    10.19
   65   53    20.50
   65   54    22.90
   65   55    25.67
   65   56    30.08
   65   57    34.59
   65   58    36.40
   65   59    37.80
   65   60    38.60
   65   61    38.60
   65   62    39.00
   65   63    40.30
   65   64    41.89
   65   65    43.90
   65   66    42.90
   65   67    41.00
   65   68    40.30
   65   69    41.30
   65   70    39.69
   65   71    40.00
   65   72    40.30
   65   73    41.30
   65   74    41.30
   65   75    40.69
   65   76    39.89
   65   77    39.56
   65   78    39.35
   65   79    38.69
   65   80    39.00
   65   81    40.60
   65   82    42.29
   65   83    43.00
   65   84    44.69
   65   85    51.70
   65   86    59.50
   65   87    65.30
   65   88    70.59
   65   89    92.89
   65   90   114.39
   65   91   161.89
   65   92   252.39
   65   93   307.01
   65   94   330.85
   65   95   356.21
   65   96   302.10
   65   97   219.15
   66   50     5.36
   66   51     6.43
   66   52     6.90
   66   53    16.50
   66   54    22.90
   66   55    25.38
   66   56    30.69
   66   57    34.30
   66   58    36.40
   66   59    37.00
   66   60    37.30
   66   61    38.30
   66   62    38.80
   66   63    40.10
   66   64    41.30
   66   65    39.10
   66   66    37.19
   66   67    38.69
   66   68    37.50
   66   69    37.40
   66   70    36.50
   66   71    37.09
   66   72    37.69
   66   73    38.50
   66   74    38.19
   66   75    37.90
   66   76    37.69
   66   77    39.06
   66   78    39.08
   66   79    37.99
   66   80    40.89
   66   81    39.84
   66   82    39.50
   66   83    39.71
   66   84    47.37
   66   85    57.05
   66   86    55.18
   66   87    62.50
   66   88    69.10
   66   89    93.60
   66   90   123.79
   66   91   196.59
   66   92   289.38
   66   93   329.32
   66   94   344.86
   66   95   380.85
   66   96   182.44
   67   50     4.90
   67   51     4.28
   67   52     4.13
   67   53    14.50
   67   54    21.89
   67   55    25.79
   67   56    31.09
   67   57    34.09
   67   58    36.09
   67   59    37.59
   67   60    37.30
   67   61    37.59
   67   62    38.80
   67   63    37.50
   67   64    34.08
   67   65    32.59
   67   66    33.90
   67   67    32.00
   67   68    35.40
   67   69    33.09
   67   70    32.00
   67   71    33.70
   67   72    35.40
   67   73    35.50
   67   74    34.90
   67   75    38.17
   67   76    35.51
   67   77    35.97
   67   78    36.57
   67   79    36.39
   67   80    38.91
   67   81    39.79
   67   82    39.36
   67   83    36.50
   67   84    48.71
   67   85    59.39
   67   86    55.88
   67   87    58.10
   67   88    71.79
   67   89    85.74
   67   90   124.30
   67   91   212.61
   67   92   277.34
   67   93   345.16
   67   94   376.94
   67   95   288.78
   67   96    50.88
   68   51     2.46
   68   52     7.58
   68   53    10.79
   68   54    22.20
   68   55    25.79
   68   56    31.30
   68   57    34.30
   68   58    35.80
   68   59    38.80
   68   60    37.69
   68   61    37.90
   68   62    36.09
   68   63    31.79
   68   64    29.32
   68   65    30.40
   68   66    33.50
   68   67    33.50
   68   68    32.40
   68   69    30.30
   68   70    29.40
   68   71    30.59
   68   72    33.00
   68   73    32.70
   68   74    31.79
   68   75    33.38
   68   76    36.93
   68   77    35.44
   68   78    34.51
   68   79    34.91
   68   80    34.51
   68   81    36.12
   68   82    36.94
   68   83    37.05
   68   84    38.64
   68   85    41.60
   68   86    42.48
   68   87    56.50
   68   88    65.18
   68   89    77.01
   68   90   111.10
   68   91   208.80
   68   92   285.63
   68   93   358.82
   68   94   370.94
   68   95   124.55
   69   53    11.45
   69   54    22.00
   69   55    25.44
   69   56    31.19
   69   57    35.69
   69   58    38.16
   69   59    40.30
   69   60    35.50
   69   61    33.70
   69   62    29.59
   69   63    26.71
   69   64    26.09
   69   65    28.27
   69   66    30.59
   69   67    25.87
   69   68    28.50
   69   69    28.59
   69   70    29.70
   69   71    29.59
   69   72    29.47
   69   73    29.69
   69   74    28.82
   69   75    31.02
   69   76    34.60
   69   77    34.05
   69   78    33.70
   69   79    33.13
   69   80    31.70
   69   81    31.65
   69   82    31.62
   69   83    30.36
   69   84    31.43
   69   85    34.15
   69   86    33.72
   69   87    46.13
   69   88    57.56
   69   89    69.91
   69   90   112.10
   69   91   210.69
   69   92   291.04
   69   93   368.72
   69   94   388.28
   69   95   146.49
   70   53     8.73
   70   54    20.90
   70   55    25.70
   70   56    32.50
   70   57    37.30
   70   58    39.19
   70   59    35.19
   70   60    28.50
   70   61    29.00
   70   62    25.79
   70   63    24.90
   70   64    24.80
   70   65    26.40
   70   66    27.20
   70   67    25.60
   70   68    25.60
   70   69    27.00
   70   70    29.24
   70   71    26.87
   70   72    22.40
   70   73    24.50
   70   74    25.30
   70   75    27.59
   70   76    30.42
   70   77    30.72
   70   78    31.48
   70   79    32.38
   70   80    31.97
   70   81    30.31
   70   82    29.94
   70   83    29.59
   70   84    29.82
   70   85    31.36
   70   86    31.14
   70   87    39.23
   70   88    47.90
   70   89    64.69
   70   90   121.89
   70   91   216.70
   70   92   311.19
   70   93   388.49
   70   94   384.71
   70   95   145.80
   71   53     6.90
   71   54    18.79
   71   55    27.09
   71   56    35.90
   71   57    37.19
   71   58    38.60
   71   59    29.19
   71   60    25.60
   71   61    24.69
   71   62    22.59
   71   63    21.89
   71   64    22.29
   71   65    23.40
   71   66    24.09
   71   67    23.29
   71   68    24.69
   71   69    26.00
   71   70    27.27
   71   71    20.30
   71   72    17.89
   71   73    20.69
   71   74    21.50
   71   75    24.80
   71   76    29.59
   71   77    30.58
   71   78    31.06
   71   79    30.72
   71   80    30.18
   71   81    30.49
   71   82    30.62
   71   83    34.14
   71   84    32.07
   71   85    27.58
   71   86    33.31
   71   87    46.11
   71   88    52.73
   71   89    78.91
   71   90   135.79
   71   91   240.85
   71   92   338.18
   71   93   423.25
   71   94   454.81
   71   95   147.30
   72   53     8.00
   72   54    15.09
   72   55    28.09
   72   56    37.30
   72   57    39.10
   72   58    32.20
   72   59    25.11
   72   60    23.50
   72   61    20.30
   72   62    18.90
   72   63    19.09
   72   64    19.29
   72   65    21.00
   72   66    20.72
   72   67    21.89
   72   68    24.09
   72   69    24.30
   72   70    21.50
   72   71    15.29
   72   72    15.90
   72   73    19.20
   72   74    21.00
   72   75    24.67
   72   76    29.07
   72   77    29.94
   72   78    30.08
   72   79    29.19
   72   80    29.45
   72   81    29.33
   72   82    31.06
   72   83    35.41
   72   84    33.62
   72   85    33.57
   72   86    30.36
   72   87    43.92
   72   88    50.14
   72   89    69.84
   72   90   125.29
   72   91   208.93
   72   92   323.66
   72   93   447.10
   72   94   474.89
   72   95   220.42
   72   96    27.70
   73   53     8.54
   73   54    12.80
   73   55    24.84
   73   56    35.69
   73   57    35.19
   73   58    18.50
   73   59    21.19
   73   60    18.79
   73   61    16.90
   73   62    14.20
   73   63    15.40
   73   64    17.79
   73   65    18.00
   73   66    17.66
   73   67    20.40
   73   68    21.79
   73   69    20.59
   73   70    16.00
   73   71    12.90
   73   72    15.29
   73   73    19.29
   73   74    20.63
   73   75    22.30
   73   76    24.38
   73   77    24.31
   73   78    24.77
   73   79    25.52
   73   80    24.94
   73   81    22.99
   73   82    26.01
   73   83    28.70
   73   84    27.02
   73   85    31.52
   73   86    38.95
   73   87    45.02
   73   88    48.29
   73   89    64.49
   73   90   116.35
   73   91   189.52
   73   92   307.56
   73   93   445.52
   73   94   501.32
   73   95   327.32
   73   96    53.17
   74   52     7.16
   74   53     8.39
   74   54    11.70
   74   55    17.09
   74   56    24.05
   74   57    24.09
   74   58    17.00
   74   59    16.90
   74   60    17.40
   74   61    14.00
   74   62    12.30
   74   63    12.80
   74   64    14.09
   74   65    15.09
   74   66    16.30
   74   67    16.59
   74   68    16.73
   74   69    16.40
   74   70    13.70
   74   71     5.26
   74   72    11.00
   74   73    14.29
   74   74    16.93
   74   75    16.43
   74   76    18.86
   74   77    16.38
   74   78    14.99
   74   79    20.58
   74   80    19.11
   74   81    15.62
   74   82    17.61
   74   83    21.88
   74   84    23.74
   74   85    25.76
   74   86    30.03
   74   87    36.42
   74   88    41.06
   74   89    55.90
   74   90   104.80
   74   91   171.38
   74   92   271.51
   74   93   431.83
   74   94   504.55
   74   95   381.18
   74   96    97.50
   75   50     5.09
   75   51     5.09
   75   52     5.09
   75   53     7.51
   75   54     6.80
   75   55    10.45
   75   56    16.00
   75   57    16.59
   75   58    14.70
   75   59    15.09
   75   60    12.90
   75   61     8.79
   75   62     6.95
   75   63     7.90
   75   64    10.59
   75   65    11.09
   75   66    13.04
   75   67    12.20
   75   68    12.80
   75   69    12.90
   75   70     8.27
   75   75     8.10
   75   76     9.10
   75   82     9.10
   75   85    21.82
   75   86    23.43
   75   87    26.96
   75   88    34.54
   75   89    47.19
   75   90    88.58
   75   91   146.48
   75   92   246.68
   75   93   398.31
   75   94   495.85
   75   95   445.47
   75   96   177.52
   76   52     5.52
   76   53     4.13
   76   54     4.48
   76   55     6.64
   76   56    10.00
   76   57    10.70
   76   58    10.59
   76   59     9.17
   76   60     4.80
   76   61     5.69
   76   63     6.17
   76   66     6.40
   76   67     5.56
   76   68     5.14
   76   69     5.02
   76   70     8.03
   76   86    19.27
   76   87    21.77
   76   88    25.50
   76   89    37.10
   76   90    69.70
   76   91   122.83
   76   92   200.88
   76   93   349.81
   76   94   469.09
   76   95   475.68
   76   96   335.96
   76   97    88.50
   77   55     8.10
   77   56     8.10
   77   57     5.46
   77   58     4.72
   77   59     3.91
   77   60     4.59
   77   61     3.01
   77   62     3.50
   77   63     1.49
   77   64     1.50
   77   65     5.02
   77   66     4.31
   77   67     1.50
   77   68     3.63
   77   69     6.88
   77   87    23.43
   77   88    22.70
   77   89    30.69
   77   90    57.80
   77   91    95.58
   77   92   163.24
   77   93   287.77
   77   94   473.40
   77   95   514.98
   77   96   453.53
   77   97   250.69
   77   98    72.57
   78   54     7.60
   78   55     8.10
   78   56     4.09
   78   57     3.00
   78   58     3.37
   78   60     4.09
   78   61     2.28
   78   62     5.69
   78   87    12.80
   78   88    24.59
   78   89    28.19
   78   90    39.69
   78   91    71.97
   78   92   129.16
   78   93   243.40
   78   94   445.50
   78   95   526.55
   78   96   509.97
   78   97   423.31
   78   98   215.84
   78   99    66.69
   79   54     6.16
   79   56     4.09
   79   60     6.55
   79   87    10.09
   79   88    22.29
   79   89    24.38
   79   90    28.54
   79   91    47.93
   79   92    94.17
   79   93   171.00
   79   94   329.52
   79   95   502.95
   79   96   581.66
   79   97   473.80
   79   98   367.79
   79   99   218.77
   79  100    63.62
   80   87     9.11
   80   88    16.19
   80   89    20.69
   80   90    21.09
   80   91    31.60
   80   92    56.59
   80   93   126.70
   80   94   251.12
   80   95   468.62
   80   96   588.23
   80   97   602.99
   80   98   439.37
   80   99   370.21
   80  100   267.21
   80  101    79.97
   81   87     7.69
   81   88    11.50
   81   89    17.61
   81   90    19.01
   81   91    21.50
   81   92    36.21
   81   93    82.90
   81   94   188.09
   81   95   360.49
   81   96   553.36
   81   97   646.24
   81   98   564.22
   81   99   423.40
   81  100   389.49
   81  101   264.21
   81  102   114.67
   82   88    10.34
   82   89    14.22
   82   90    18.09
   82   91    21.89
   82   92    28.50
   82   93    46.09
   82   94   124.10
   82   95   258.07
   82   96   484.06
   82   97   621.31
   82   98   666.12
   82   99   528.14
   82  100   459.87
   82  101   438.68
   82  102   259.18
   82  103    93.70
   83   89    11.31
   83   90    17.33
   83   91    22.85
   83   92    35.23
   83   93    30.80
   83   94    79.30
   83   95   172.27
   83   96   394.19
   83   97   552.04
   83   98   661.58
   83   99   635.87
   83  100   586.38
   83  101   533.62
   83  102   444.78
   83  103   207.99
   83  104    49.39
   84   67    23.90
   84   68    11.59
   84   69    11.59
   84   70    11.59
   84   71    12.00
   84   72     9.31
   84   90    13.90
   84   91    19.70
   84   92    40.14
   84   93    39.98
   84   94    57.19
   84   95   111.00
   84   96   281.04
   84   97   486.91
   84   98   592.02
   84   99   620.74
   84  100   630.57
   84  101   548.23
   84  102   433.67
   84  103   375.11
   84  104   162.38
   84  105    73.03
   85   64    17.70
   85   66    28.08
   85   67    19.20
   85   71    12.54
   85   72    13.19
   85   91    12.60
   85   92    27.79
   85   93    62.44
   85   94    55.69
   85   95    80.69
   85   96   197.45
   85   97   428.89
   85   98   512.56
   85   99   547.04
   85  100   562.36
   85  101   566.59
   85  102   487.12
   85  103   321.11
   85  104   234.49
   85  105   128.91
   86   61    18.15
   86   62    18.09
   86   63    22.68
   86   64    23.10
   86   65    35.78
   86   66    26.67
   86   67     4.53
   86   72    16.00
   86   73    12.20
   86   74     5.19
   86   92    15.29
   86   93    63.09
   86   94    60.83
   86   95    74.78
   86   96   158.50
   86   97   351.01
   86   98   457.63
   86   99   486.41
   86  100   540.85
   86  101   520.29
   86  102   456.87
   86  103   301.12
   86  104   195.21
   86  105    61.73
   87   60    10.67
   87   61    15.09
   87   62    20.81
   87   63    22.89
   87   64    27.83
   87   65    19.65
   87   66    11.59
   87   72    15.20
   87   73     9.49
   87   74     8.10
   87   77    15.00
   87   92    17.04
   87   93    56.30
   87   94    76.07
   87   95    83.89
   87   96   133.20
   87   97   241.79
   87   98   414.35
   87   99   484.19
   87  100   476.26
   87  101   422.08
   87  102   337.82
   87  103   230.58
   87  104   190.31
   87  105    96.57
   87  106    20.50
   88   60    16.09
   88   61    15.89
   88   62    21.06
   88   63    19.25
   88   65     8.06
   88   72    19.00
   88   73    19.36
   88   74    11.01
   88   75    13.50
   88   76    16.16
   88   77    12.39
   88   78     5.62
   88   81     5.72
   88   82     4.86
   88   83     6.06
   88   84     7.15
   88   85     8.63
   88   86     6.84
   88   93    55.26
   88   94    91.70
   88   95    95.39
   88   96   130.79
   88   97   216.00
   88   98   343.96
   88   99   417.51
   88  100   385.73
   88  101   304.43
   88  102   239.69
   88  103   203.65
   88  104   162.15
   88  105   123.31
   88  106    21.25
   89   60    17.00
   89   61    17.46
   89   62    20.39
   89   63    15.72
   89   64     6.01
   89   65     3.43
   89   72    17.30
   89   73    14.32
   89   75     9.56
   89   76    29.11
   89   77     9.34
   89   81     6.78
   89   82    10.18
   89   83    11.39
   89   84    11.18
   89   85     9.21
   89   86     9.63
   89   87     8.00
   89   88     6.47
   89   89     8.41
   89   90    10.42
   89   91    15.09
   89   92    14.29
   89   93    41.66
   89   94   106.24
   89   95   130.04
   89   96   156.00
   89   97   221.45
   89   98   293.10
   89   99   327.94
   89  100   280.90
   89  101   210.31
   89  102   155.32
   89  103   144.05
   89  104   151.05
   89  105   194.04
   89  106    81.64
   90   59    15.40
   90   60    16.69
   90   61    20.89
   90   62    20.00
   90   63    27.26
   90   70    16.30
   90   71    14.85
   90   72    30.06
   90   73    27.56
   90   74    21.99
   90   75     9.50
   90   76    24.62
   90   77    18.97
   90   81     6.37
   90   82     8.91
   90   83    13.19
   90   84    12.90
   90   85    10.47
   90   86    12.73
   90   87    13.62
   90   88    14.20
   90   89    24.30
   90   90    31.48
   90   91    27.70
   90   92    24.58
   90   93    36.45
   90   94   110.00
   90   95   176.90
   90   96   201.94
   90   97   215.89
   90   98   200.21
   90   99   170.76
   90  100   141.59
   90  101   112.80
   90  102   100.13
   90  103    85.50
   90  104   104.62
   90  105   130.25
   90  106   153.20
   91   56    19.17
   91   60     9.21
   91   61    14.18
   91   62    20.66
   91   63    18.29
   91   64    18.29
   91   65    19.00
   91   66    17.30
   91   67    12.30
   91   68    19.25
   91   69    19.09
   91   70    24.51
   91   71    20.76
   91   72    18.29
   91   73    16.69
   91   74    19.50
   91   75    20.22
   91   76    20.00
   91   77    20.41
   91   78    19.66
   91   79    12.11
   91   81    10.35
   91   82    10.43
   91   83    11.00
   91   84    12.72
   91   85    11.52
   91   86    10.45
   91   87     4.14
   91   89     8.46
   91   90    30.40
   91   91    34.09
   91   92    29.35
   91   93    41.45
   91   94    85.75
   91   95   161.76
   91   96   181.20
   91   97   175.51
   91   98   140.21
   91   99   111.39
   91  100    86.52
   91  101    69.54
   91  102    59.57
   91  103    55.38
   91  104    43.40
   91  105    44.90
   91  106    40.70
   92   56    18.85
   92   57    20.19
   92   61    15.80
   92   62    19.00
   92   65    18.29
   92   66    18.59
   92   67    19.49
   92   68    18.36
   92   69    19.10
   92   70    13.62
   92   71    11.59
   92   73    13.68
   92   74    16.34
   92   75    19.24
   92   76    22.34
   92   77    24.26
   92   78    22.79
   92   79    19.94
   92   80    17.95
   92   81    16.00
   92   82    14.94
   92   83    14.43
   92   84    14.60
   92   85     9.10
   92   86     6.94
   92   87     3.65
   92   89     9.40
   92   90    22.04
   92   91    39.00
   92   92    36.59
   92   93    43.70
   92   94    59.69
   92   95    93.50
   92   96   124.39
   92   97   109.49
   92   98    88.26
   92   99    61.10
   92  100    54.19
   92  101    40.50
   92  102    59.29
   92  103    63.38
   92  104    41.10
   92  105    54.50
   92  106    21.19
